00000000000000111111111111000000
00000000000001111111111111000000
00000000000111111111111111111000
00000000001111111111111111111000
00000000111111111111111111111110
00000001111111111111111111111111
00000011111111111111111111111110
00000111111111000000000111111111
00001111111100000000000001111111
00011111111100000000000001111111
00111111110000000000000001111111
00111111110000000000000001111111
01111111100000000000000001111111
01111111100000000000000001111111
01111111100000000000000001111111
01111111100000000000000011111111
01111111111000000000001111111111
00111111111000000000001111111100
00111111111100000000111111111000
00111111111100000000111111111000
00001111111111110011111111110000
00000111111111111111111111000000
00000111111111111111111111000000
00000111111111111111111111000000
00000111111111111111111111000000
00001111111111111111111111110000
00001111111111111111111111110000
00111111111110000000111111111000
00111111111110000000111111111100
00111111110000000000011111111110
11111110000000000000001111111110
11111110000000000000001111111110
11111110000000000000000111111110
11111100000000000000000111111110
11111100000000000000000111111110
11111110000000000000000111111110
11111100000000000000001111111100
11111100000000000000011111111100
11111100000000000000011111111100
11111100000000000000011111111000
11111111000000000001111111110000
01111111111111111111111111100000
01111111111111111111111110000000
01111111111111111111111110000000
01111111111111111111111100000000
00001111111111111111110000000000
00000111111111111111000000000000
00001111111111111100000000000000
