00000000000111111111110000000000
00000000001111111111111000000000
00000001111111111111111111000000
00000001111111111111111111000000
00000111111111111111111111110000
00000111111111111111111111110000
00011111111111111111111111111100
00011111111111111111111111111100
01111111111110000001111111111110
01111111111000000000111111111110
01111111111000000000011111111110
11111111110000000000001111111111
11111111110000000000001111111111
11111111000000000000000111111111
11111111000000000000000111111111
11111111000000000000000111111111
11111111000000000000000111111111
11111111000000000000000111111111
11111111000000000000000111111111
11111111000000000000000111111111
11111111000000000000000111111111
11111111000000000000000111111111
11111111000000000000000111111111
11111111000000000000000111111111
11111111000000000000000111111111
11111111000000000000000111111111
11111111000000000000000111111111
11111111000000000000000111111111
11111111000000000000000111111111
11111111000000000000000111111111
11111111000000000000000111111111
11111111000000000000000111111111
11111111000000000000000111111111
11111111000000000000000111111111
11111111000000000000000111111111
11111111000000000000000111111111
11111111000000000000000111111110
11111111000000000000000111111110
11111111110000000000011111111110
11111111110000000000011111111110
00111111111100000001111111111110
00111111111111111111111111111000
00111111111111111111111111111000
00001111111111111111111111100000
00001111111111111111111111100000
00000011111111111111111110000000
00000011111111111111111110000000
00000000001111111111000000000000

00000000000000000000000111111111
00000000000000000000001111111111
00000000000000000000111111111111
00000000000000000000111111111111
00000000000000000000111111111111
00000000000000000011111111111111
00000000000000000011111111111111
00000000001111111111111111111111
11111111111111111111111111111111
11111111111111111111111111111111
11111111111111111111111111111111
11111111111111111111111111111111
11111111111111111111111111111111
11111111111111111111111111111111
00000000000000000011111111111111
00000000000000000011111111111111
00000000000000000011111111111111
00000000000000000011111111111111
00000000000000000011111111111111
00000000000000000011111111111111
00000000000000000011111111111111
00000000000000000011111111111111
00000000000000000011111111111111
00000000000000000011111111111111
00000000000000000011111111111111
00000000000000000011111111111111
00000000000000000011111111111111
00000000000000000011111111111111
00000000000000000011111111111111
00000000000000000011111111111111
00000000000000000011111111111111
00000000000000000011111111111111
00000000000000000011111111111111
00000000000000000011111111111111
00000000000000000011111111111111
00000000000000000011111111111111
00000000000000000011111111111111
00000000000000000011111111111111
00000000000000000011111111111111
00000000000000000011111111111111
00000000000000000011111111111111
00000000000000000011111111111111
00000000000000000011111111111111
00000000000000000011111111111111
00000000000000000011111111111111
00000000000000000011111111111111
00000000000000000011111111111111
00000000000000000011111111111111

00000000011111111111110000000000
00000000111111111111111000000000
00000011111111111111111110000000
00000111111111111111111111100000
00011111111111111111111111110000
00111111111111111111111111110000
00111111111111000001111111111100
00111111111111000001111111111100
01111111111100000000011111111110
11111111111000000000001111111111
11111111100000000000001111111111
11111111100000000000001111111111
11111111100000000000000111111111
11111111100000000000001111111111
11111111100000000000001111111111
11111111000000000000001111111111
00000000000000000000001111111111
00000000000000000000001111111111
00000000000000000000011111111110
00000000000000000001111111111110
00000000000000000001111111111100
00000000000000000001111111111100
00000000000000000011111111111000
00000000000000001111111111110000
00000000000000001111111111100000
00000000000000011111111111000000
00000000000000011111111110000000
00000000000000111111111100000000
00000000000000111111111100000000
00000000000011111111110000000000
00000000000011111111110000000000
00000000000111111111100000000000
00000000000111111111100000000000
00000000011111111110000000000000
00000000111111111100000000000000
00000000111111111100000000000000
00000000111111110000000000000000
00000011111111110000000000000000
00000111111111110000000000000000
00000111111111100000000000000000
00011111111111000000000000000000
00111111111111000000000000000000
01111111111110000000000000000000
11111111111111111111111111111111
11111111111111111111111111111111
11111111111111111111111111111111
11111111111111111111111111111111
11111111111111111111111111111111

11111111111111111111111111111111
11111111111111111111111111111111
11111111111111111111111111111111
11111111111111111111111111111111
11111111111111111111111111111111
11111111111111111111111111111111
11111111111111111111111111111111
11111111111111111111111111111110
00000000000000000000111111111000
00000000000000000001111111111000
00000000000000000001111111110000
00000000000000000111111111000000
00000000000000000111111111000000
00000000000000001111111111000000
00000000000000111111111110000000
00000000000000111111111000000000
00000000000001111111111000000000
00000000000001111111111110000000
00000000000001111111111110000000
00000000000111111111111111000000
00000000000111111111111111110000
00000000000111111111111111111000
00000000000001111111111111111000
00000000000000000011111111111110
00000000000000000000111111111110
00000000000000000000001111111110
00000000000000000000000111111110
00000000000000000000000111111111
00000000000000000000000111111111
00000000000000000000000111111111
00000000000000000000000111111111
00000000000000000000000111111111
00000000000000000000000111111111
00111111000000000000000111111111
11111111110000000000000111111111
11111111110000000000000111111111
11111111110000000000000111111111
11111111110000000000000111111110
11111111110000000000001111111110
11111111110000000000001111111110
11111111111000000000111111111110
00111111111111111111111111111000
00111111111111111111111111111000
00111111111111111111111111111000
00001111111111111111111111110000
00000111111111111111111111000000
00000001111111111111111110000000
00000000001001111111000000000000

00000000000000000000011111110000
00000000000000000000011111110000
00000000000000000000111111110000
00000000000000000000111111110000
00000000000000000001111111110000
00000000000000000011111111110000
00000000000000000011111111110000
00000000000000000111111111110000
00000000000000001111111111110000
00000000000000001111111111110000
00000000000000011111111111110000
00000000000000011111111111110000
00000000000000111111111111110000
00000000000000111111111111110000
00000000000001111111111111110000
00000000000011111111111111110000
00000000000011111111111111110000
00000000000111111111111111110000
00000000001111111110111111110000
00000000001111111100111111110000
00000000111111111000111111110000
00000000111111111000111111110000
00000000111111110000111111110000
00000001111111100000111111110000
00000001111111100000111111110000
00000011111111000000111111110000
00000111111111000000111111110000
00000111111110000000111111110000
00001111111110000000111111110000
00001111111100000000111111110000
00011111111100000000111111110000
00011111111000000000111111110000
00111111111000000000111111110000
01111111110000000000111111110000
11111111111111111111111111111111
11111111111111111111111111111111
11111111111111111111111111111111
11111111111111111111111111111111
11111111111111111111111111111111
11111111111111111111111111111111
11111111111111111111111111111111
00000000000000000000011111110000
00000000000000000000011111110000
00000000000000000000011111110000
00000000000000000000011111110000
00000000000000000000011111110000
00000000000000000000011111110000
00000000000000000000011111110000

00111111111111111111111111110000
00111111111111111111111111110000
00111111111111111111111111110000
00111111111111111111111111110000
00111111111111111111111111110000
00111111111111111111111111110000
00111111111111111111111111110000
00111111111111111111111111110000
00111111111000000000000000000000
00111111111000000000000000000000
00111111111000000000000000000000
00111111111000000000000000000000
00111111111000000000000000000000
00111111111000000000000000000000
00111111111000000000000000000000
00111111111000000000000000000000
00111111111000000000000000000000
00111111111011111111100000000000
00111111111111111111110000000000
00111111111111111111111110000000
00111111111111111111111111100000
00111111111111111111111111100000
00111111111111111111111111110000
00111111111111111111111111111100
00111111111000000001111111111100
00111111100000000000011111111110
00111111100000000000001111111110
00111110000000000000001111111111
00111100000000000000001111111111
00000000000000000000000111111111
00000000000000000000000011111111
00000000000000000000000011111111
00000000000000000000000011111111
00000000000000000000000011111111
11111100000000000000000011111111
11111100000000000000000011111111
11111111100000000000000011111111
11111111100000000000001111111111
11111111100000000000001111111111
11111111111000000000011111111111
00111111111100000001111111111110
00111111111100000001111111111100
00111111111110000011111111111100
00011111111111111111111111111100
00011111111111111111111111110000
00000111111111111111111111100000
00000011111111111111111110000000
00000000011111111111110000000000

00000000000000000111111110000000
00000000000000000111111110000000
00000000000000001111111100000000
00000000000000001111111100000000
00000000000000011111111000000000
00000000000000011111111000000000
00000000000000011111110000000000
00000000000000011111110000000000
00000000000001111111000000000000
00000000000111111111000000000000
00000000000111111111000000000000
00000000000111111100000000000000
00000000000111111100000000000000
00000000001111111100000000000000
00000000011111111100000000000000
00000000011111110000000000000000
00000000111111100000000000000000
00000000111111100000000000000000
00000001111111100000000000000000
00000001111111100000000000000000
00000011111111111111110000000000
00000011111111111111111100000000
00001111111111111111111111100000
00001111111111111111111111100000
00011111111111111111111111111000
00011111111000000000001111111110
00111111111000000000001111111110
00111111100000000000000011111110
01111111100000000000000011111110
11111111000000000000000001111111
11111111000000000000000001111111
11111111000000000000000001111111
11111111000000000000000001111111
11111111000000000000000001111111
11111111000000000000000001111111
11111111000000000000000001111111
11111111000000000000000001111111
11111111000000000000000001111111
11111111000000000000000001111111
11111111000000000000000001111111
11111111100000000000000011111111
00111111111000000000001111111110
00111111111000000000001111111110
00001111111111111111111111111000
00001111111111111111111111111000
00000011111111111111111111100000
00000011111111111111111111100000
00000000111111111111111100000000

11111111111111111111111111111111
11111111111111111111111111111111
11111111111111111111111111111111
11111111111111111111111111111111
11111111111111111111111111111111
11111111111111111111111111111111
11111111000000000000000001111111
11111111000000000000000001111111
11111111000000000000000011111110
11111111000000000000000011111110
11111111000000000000000011111110
11111111000000000000000011111110
11111111000000000000000011111110
00000000000000000000001111111000
00000000000000000000001111111000
00000000000000000000001111111000
00000000000000000000001111111000
00000000000000000000001111100000
00000000000000000000001111100000
00000000000000000000111111100000
00000000000000000000111111100000
00000000000000000000111111100000
00000000000000000000111111100000
00000000000000000000111110000000
00000000000000000011111110000000
00000000000000000011111110000000
00000000000000000011111110000000
00000000000000000011111110000000
00000000000000001111111100000000
00000000000000001111111100000000
00000000000000001111111100000000
00000000000000001111111100000000
00000000000000001111111100000000
00000000000000001111111100000000
00000000000000011111110000000000
00000000000000011111110000000000
00000000000000011111110000000000
00000000000000011111000000000000
00000000000000011111000000000000
00000000000001111111000000000000
00000000000001111111000000000000
00000000000001111111000000000000
00000000000001111111000000000000
00000000000111111100000000000000
00000000000111111100000000000000
00000000000111111100000000000000
00000000000111111100000000000000
00000000000111111100000000000000

00000000001111111111110000000000
00000000001111111111111000000000
00000000111111111111111111000000
00000001111111111111111111000000
00000111111111111111111111110000
00001111111111111111111111111000
00001111111111111111111111111000
00011111111100000000011111111100
00111111110000000000000111111110
01111111110000000000000111111110
11111111000000000000000111111111
11111111000000000000000111111111
11111111000000000000000011111111
11111111000000000000000011111111
11111111000000000000000011111111
11111111000000000000000111111111
11111111110000000000011111111110
01111111110000000000011111111000
00111111111100000000111111111000
00111111111100000000111111111000
00001111111111110011111111110000
00000111111111111111111111000000
00000111111111111111111111000000
00000111111111111111111111000000
00000111111111111111111111000000
00001111111111111111111111110000
00001111111111111111111111110000
00111111111110000000111111111000
00111111111110000000111111111100
00111111110000000000011111111110
11111111000000000000000111111111
11111111000000000000000111111111
11111111000000000000000011111111
11111110000000000000000011111111
11111110000000000000000011111111
11111111000000000000000011111111
11111111000000000000000011111111
11111111000000000000000111111111
11111111000000000000000111111111
11111111000000000000000111111110
00111111110000000000011111111100
00011111111111111111111111111000
00001111111111111111111111110000
00001111111111111111111111110000
00001111111111111111111111100000
00000001111111111111111110000000
00000000111111111111111000000000
00000000111111111111110000000000

00000000000011111111100000000000
00000000000111111111110000000000
00000000111111111111111100000000
00000001111111111111111111110000
00000111111111111111111111111000
00001111111111111111111111111000
00001111111111111111111111111100
00111111111111100000111111111110
00111111111100000000011111111110
11111111110000000000000111111111
11111111110000000000000111111111
11111111110000000000000111111111
11111111110000000000000111111111
11111111000000000000000111111111
11111111000000000000000111111111
11111111000000000000000111111111
11111111000000000000000111111111
11111111000000000000000111111111
11111111000000000000000111111111
11111111000000000000000111111111
11111111110000000000011111111110
11111111111100000000111111111100
00111111111110000011111111111000
00111111111111111111111111110000
00111111111111111111111111110000
00001111111111111111111111110000
00000111111111111111111111000000
00000001111111111111111111000000
00000000000011111111111111000000
00000000000000001111111100000000
00000000000000001111111100000000
00000000000000011111111000000000
00000000000000011111111000000000
00000000000001111111111000000000
00000000000001111111100000000000
00000000000011111111000000000000
00000000000011111111000000000000
00000000001111111111000000000000
00000000001111111110000000000000
00000000001111111100000000000000
00000000111111111000000000000000
00000001111111110000000000000000
00000001111111110000000000000000
00000001111111110000000000000000
00000111111111100000000000000000
00000111111111000000000000000000
00001111111110000000000000000000
00001111110000000000000000000000
