c
00000000000000001110000000000000
00000000000001111111100000000000
00000000001111111111111100000000
00000000111111111111111111000000
00000001111111111111111111100000
00000011111111111111111111110000
00000011111111111111111111110000
00000111111111000000111111111000
00001111111100000000001111111100
00001111111000000000000111111100
00011111110000000000000011111110
00011111100000000000000011111110
00011111100000000000000001111110
00111111000000000000000001111111
00111111000000000000000001111111
01111111000000000000000000111000
01111110000000000000000000000000
01111110000000000000000000000000
01111110000000000000000000000000
01111110000000000000000000000000
01111110000000000000000000000000
01111110000000000000000000000000
01111110000000000000000000000000
11111110000000000000000000000000
11111110000000000000000000000000
11111110000000000000000000000000
11111110000000000000000000000000
01111110000000000000000000000000
01111110000000000000000000000000
01111110000000000000000000000000
01111110000000000000000000000000
01111110000000000000000000011100
01111110000000000000000000011111
01111110000000000000000000011111
00111111000000000000000000111111
00111111000000000000000000111111
00111111000000000000000001111111
00011111100000000000000001111111
00011111100000000000000001111110
00011111110000000000000011111110
00001111111000000000000111111100
00001111111110000000011111111000
00000111111111111111111111111000
00000011111111111111111111110000
00000001111111111111111111110000
00000000111111111111111111000000
00000000011111111111111110000000
00000000000011111111111000000000


d
00000000000000000000000000111111
00000000000000000000000000111111
00000000000000000000000000111111
00000000000000000000000000111111
00000000000000000000000000111111
00000000000000000000000000111111
00000000000000000000000000111111
00000000000000000000000000111111
00000000000000000000000000111111
00000000000000000000000000111111
00000000000000000000000000111111
00000000000000000000000000111111
00000000000000011000000000111111
00000000000111111111100000111111
00000000011111111111111000111111
00000001111111111111111100111111
00000011111111111111111110111111
00000111111110000001111111111111
00001111111100000000011111111111
00001111110000000000001111111111
00011111100000000000000011111111
00011111000000000000000011111111
00111111000000000000000001111111
00111111000000000000000001111111
01111110000000000000000000111111
01111110000000000000000000111111
01111110000000000000000000111111
01111110000000000000000000111111
01111110000000000000000000111111
11111110000000000000000000111111
11111110000000000000000000111111
11111110000000000000000000111111
01111110000000000000000000111111
01111110000000000000000000111111
01111110000000000000000000111111
01111110000000000000000000111111
01111110000000000000000000111111
00111111000000000000000001111111
00111111000000000000000001111111
00111111000000000000000011111111
00011111100000000000000011111111
00001111110000000000000111111111
00001111111000000000001111111111
00000111111110000000111111111111
00000011111111111111111110111111
00000001111111111111111100111111
00000000111111111111111000111111
00000000001111111111110000111111


-
00000000000000001110000000111111
00000000000001111111100000111111
00000000001111111111111100111111
00000000111111111111111111111111
00000001111111111111111111011111
00000011111111111111111111001111
00000011111111111111111111001111
00000111111111000000111111000111
00001111111100000000001111000011
00001111111000000000000111000011
00011111110000000000000011000001
00011111100000000000000011000001
00011111100000011000000001000001
00111111000111111111100001000000
00111111011111111111111001000000
01111110111111111111111100000111
01111101111111111111111110111111
01111001111110000001111111111111
01110001111100000000011111111111
01110001110000000000001111111111
01100001100000000000000011111111
01100001000000000000000011111111
01000001000000000000000001111111
11000001000000000000000001111111
10000000000000000000000000111111
10000000000000000000000000111111
10000000000000000000000000111111
00000000000000000000000000111111
00000000000000000000000000111111
10000000000000000000000000111111
10000000000000000000000000111111
10000000000000000000000000100011
00000000000000000000000000100000
00000000000000000000000000100000
01000001000000000000000000000000
01000001000000000000000000000000
01000001000000000000000001000000
00100000100000000000000000000000
00100000100000000000000000000001
00100000110000000000000000000001
00010000011000000000000100000011
00000000001110000000011000000111
00001000000111111111110000000111
00000100000001111111000000001111
00000010000000000000000001001111
00000001000000000000000011111111
00000000100000000000000110111111
00000000001100000000001000111111


