32

0
00000000000111111111110000000000
00000000001111111111111000000000
00000001111111111111111111000000
00000001111111111111111111000000
00000111111111111111111111110000
00000111111111111111111111110000
00011111111111111111111111111100
00011111111111111111111111111100
01111111111110000001111111111110
01111111111000000000111111111110
01111111111000000000011111111110
11111111110000000000001111111111
11111111110000000000001111111111
11111111000000000000000111111111
11111111000000000000000111111111
11111111000000000000000111111111
11111111000000000000000111111111
11111111000000000000000111111111
11111111000000000000000111111111
11111111000000000000000111111111
11111111000000000000000111111111
11111111000000000000000111111111
11111111000000000000000111111111
11111111000000000000000111111111
11111111000000000000000111111111
11111111000000000000000111111111
11111111000000000000000111111111
11111111000000000000000111111111
11111111000000000000000111111111
11111111000000000000000111111111
11111111000000000000000111111111
11111111000000000000000111111111
11111111000000000000000111111111
11111111000000000000000111111111
11111111000000000000000111111111
11111111000000000000000111111111
11111111000000000000000111111110
11111111000000000000000111111110
11111111110000000000011111111110
11111111110000000000011111111110
00111111111100000001111111111110
00111111111111111111111111111000
00111111111111111111111111111000
00001111111111111111111111100000
00001111111111111111111111100000
00000011111111111111111110000000
00000011111111111111111110000000
00000000001111111111000000000000

1
00000000000000000000000111111111
00000000000000000000001111111111
00000000000000000000111111111111
00000000000000000000111111111111
00000000000000000000111111111111
00000000000000000011111111111111
00000000000000000011111111111111
00000000001111111111111111111111
11111111111111111111111111111111
11111111111111111111111111111111
11111111111111111111111111111111
11111111111111111111111111111111
11111111111111111111111111111111
11111111111111111111111111111111
00000000000000000011111111111111
00000000000000000011111111111111
00000000000000000011111111111111
00000000000000000011111111111111
00000000000000000011111111111111
00000000000000000011111111111111
00000000000000000011111111111111
00000000000000000011111111111111
00000000000000000011111111111111
00000000000000000011111111111111
00000000000000000011111111111111
00000000000000000011111111111111
00000000000000000011111111111111
00000000000000000011111111111111
00000000000000000011111111111111
00000000000000000011111111111111
00000000000000000011111111111111
00000000000000000011111111111111
00000000000000000011111111111111
00000000000000000011111111111111
00000000000000000011111111111111
00000000000000000011111111111111
00000000000000000011111111111111
00000000000000000011111111111111
00000000000000000011111111111111
00000000000000000011111111111111
00000000000000000011111111111111
00000000000000000011111111111111
00000000000000000011111111111111
00000000000000000011111111111111
00000000000000000011111111111111
00000000000000000011111111111111
00000000000000000011111111111111
00000000000000000011111111111111

2
00000000011111111111110000000000
00000000111111111111111000000000
00000011111111111111111110000000
00000111111111111111111111100000
00011111111111111111111111110000
00111111111111111111111111110000
00111111111111000001111111111100
00111111111111000001111111111100
01111111111100000000011111111110
11111111111000000000001111111111
11111111100000000000001111111111
11111111100000000000001111111111
11111111100000000000000111111111
11111111100000000000001111111111
11111111100000000000001111111111
11111111000000000000001111111111
00000000000000000000001111111111
00000000000000000000001111111111
00000000000000000000011111111110
00000000000000000001111111111110
00000000000000000001111111111100
00000000000000000001111111111100
00000000000000000011111111111000
00000000000000001111111111110000
00000000000000001111111111100000
00000000000000011111111111000000
00000000000000011111111110000000
00000000000000111111111100000000
00000000000000111111111100000000
00000000000011111111110000000000
00000000000011111111110000000000
00000000000111111111100000000000
00000000000111111111100000000000
00000000011111111110000000000000
00000000111111111100000000000000
00000000111111111100000000000000
00000000111111110000000000000000
00000011111111110000000000000000
00000111111111110000000000000000
00000111111111100000000000000000
00011111111111000000000000000000
00111111111111000000000000000000
01111111111110000000000000000000
11111111111111111111111111111111
11111111111111111111111111111111
11111111111111111111111111111111
11111111111111111111111111111111
11111111111111111111111111111111

3
11111111111111111111111111111111
11111111111111111111111111111111
11111111111111111111111111111111
11111111111111111111111111111111
11111111111111111111111111111111
11111111111111111111111111111111
11111111111111111111111111111111
11111111111111111111111111111110
00000000000000000000111111111000
00000000000000000001111111111000
00000000000000000001111111110000
00000000000000000111111111000000
00000000000000000111111111000000
00000000000000001111111111000000
00000000000000111111111110000000
00000000000000111111111000000000
00000000000001111111111000000000
00000000000001111111111110000000
00000000000001111111111110000000
00000000000111111111111111000000
00000000000111111111111111110000
00000000000111111111111111111000
00000000000001111111111111111000
00000000000000000011111111111110
00000000000000000000111111111110
00000000000000000000001111111110
00000000000000000000000111111110
00000000000000000000000111111111
00000000000000000000000111111111
00000000000000000000000111111111
00000000000000000000000111111111
00000000000000000000000111111111
00000000000000000000000111111111
00111111000000000000000111111111
11111111110000000000000111111111
11111111110000000000000111111111
11111111110000000000000111111111
11111111110000000000000111111110
11111111110000000000001111111110
11111111110000000000001111111110
11111111111000000000111111111110
00111111111111111111111111111000
00111111111111111111111111111000
00111111111111111111111111111000
00001111111111111111111111110000
00000111111111111111111111000000
00000001111111111111111110000000
00000000001001111111000000000000

4
00000000000000000000011111110000
00000000000000000000011111110000
00000000000000000000111111110000
00000000000000000000111111110000
00000000000000000001111111110000
00000000000000000011111111110000
00000000000000000011111111110000
00000000000000000111111111110000
00000000000000001111111111110000
00000000000000001111111111110000
00000000000000011111111111110000
00000000000000011111111111110000
00000000000000111111111111110000
00000000000000111111111111110000
00000000000001111111111111110000
00000000000011111111111111110000
00000000000011111111111111110000
00000000000111111111111111110000
00000000001111111110111111110000
00000000001111111100111111110000
00000000111111111000111111110000
00000000111111111000111111110000
00000000111111110000111111110000
00000001111111100000111111110000
00000001111111100000111111110000
00000011111111000000111111110000
00000111111111000000111111110000
00000111111110000000111111110000
00001111111110000000111111110000
00001111111100000000111111110000
00011111111100000000111111110000
00011111111000000000111111110000
00111111111000000000111111110000
01111111110000000000111111110000
11111111111111111111111111111111
11111111111111111111111111111111
11111111111111111111111111111111
11111111111111111111111111111111
11111111111111111111111111111111
11111111111111111111111111111111
11111111111111111111111111111111
00000000000000000000011111110000
00000000000000000000011111110000
00000000000000000000011111110000
00000000000000000000011111110000
00000000000000000000011111110000
00000000000000000000011111110000
00000000000000000000011111110000

5
00111111111111111111111111110000
00111111111111111111111111110000
00111111111111111111111111110000
00111111111111111111111111110000
00111111111111111111111111110000
00111111111111111111111111110000
00111111111111111111111111110000
00111111111111111111111111110000
00111111111000000000000000000000
00111111111000000000000000000000
00111111111000000000000000000000
00111111111000000000000000000000
00111111111000000000000000000000
00111111111000000000000000000000
00111111111000000000000000000000
00111111111000000000000000000000
00111111111000000000000000000000
00111111111011111111100000000000
00111111111111111111110000000000
00111111111111111111111110000000
00111111111111111111111111100000
00111111111111111111111111100000
00111111111111111111111111110000
00111111111111111111111111111100
00111111111000000001111111111100
00111111100000000000011111111110
00111111100000000000001111111110
00111110000000000000001111111111
00111100000000000000001111111111
00000000000000000000000111111111
00000000000000000000000011111111
00000000000000000000000011111111
00000000000000000000000011111111
00000000000000000000000011111111
11111100000000000000000011111111
11111100000000000000000011111111
11111111100000000000000011111111
11111111100000000000001111111111
11111111100000000000001111111111
11111111111000000000011111111111
00111111111100000001111111111110
00111111111100000001111111111100
00111111111110000011111111111100
00011111111111111111111111111100
00011111111111111111111111110000
00000111111111111111111111100000
00000011111111111111111110000000
00000000011111111111110000000000

6
00000000000000000111111110000000
00000000000000000111111110000000
00000000000000001111111100000000
00000000000000001111111100000000
00000000000000011111111000000000
00000000000000011111111000000000
00000000000000011111110000000000
00000000000000011111110000000000
00000000000001111111000000000000
00000000000111111111000000000000
00000000000111111111000000000000
00000000000111111100000000000000
00000000000111111100000000000000
00000000001111111100000000000000
00000000011111111100000000000000
00000000011111110000000000000000
00000000111111100000000000000000
00000000111111100000000000000000
00000001111111100000000000000000
00000001111111100000000000000000
00000011111111111111110000000000
00000011111111111111111100000000
00001111111111111111111111100000
00001111111111111111111111100000
00011111111111111111111111111000
00011111111000000000001111111110
00111111111000000000001111111110
00111111100000000000000011111110
01111111100000000000000011111110
11111111000000000000000001111111
11111111000000000000000001111111
11111111000000000000000001111111
11111111000000000000000001111111
11111111000000000000000001111111
11111111000000000000000001111111
11111111000000000000000001111111
11111111000000000000000001111111
11111111000000000000000001111111
11111111000000000000000001111111
11111111000000000000000001111111
11111111100000000000000011111111
00111111111000000000001111111110
00111111111000000000001111111110
00001111111111111111111111111000
00001111111111111111111111111000
00000011111111111111111111100000
00000011111111111111111111100000
00000000111111111111111100000000

7
11111111111111111111111111111111
11111111111111111111111111111111
11111111111111111111111111111111
11111111111111111111111111111111
11111111111111111111111111111111
11111111111111111111111111111111
11111111000000000000000001111111
11111111000000000000000001111111
11111111000000000000000011111110
11111111000000000000000011111110
11111111000000000000000011111110
11111111000000000000000011111110
11111111000000000000000011111110
00000000000000000000001111111000
00000000000000000000001111111000
00000000000000000000001111111000
00000000000000000000001111111000
00000000000000000000001111100000
00000000000000000000001111100000
00000000000000000000111111100000
00000000000000000000111111100000
00000000000000000000111111100000
00000000000000000000111111100000
00000000000000000000111110000000
00000000000000000011111110000000
00000000000000000011111110000000
00000000000000000011111110000000
00000000000000000011111110000000
00000000000000001111111100000000
00000000000000001111111100000000
00000000000000001111111100000000
00000000000000001111111100000000
00000000000000001111111100000000
00000000000000001111111100000000
00000000000000011111110000000000
00000000000000011111110000000000
00000000000000011111110000000000
00000000000000011111000000000000
00000000000000011111000000000000
00000000000001111111000000000000
00000000000001111111000000000000
00000000000001111111000000000000
00000000000001111111000000000000
00000000000111111100000000000000
00000000000111111100000000000000
00000000000111111100000000000000
00000000000111111100000000000000
00000000000111111100000000000000

8
00000000001111111111110000000000
00000000001111111111111000000000
00000000111111111111111111000000
00000001111111111111111111000000
00000111111111111111111111110000
00001111111111111111111111111000
00001111111111111111111111111000
00011111111100000000011111111100
00111111110000000000000111111110
01111111110000000000000111111110
11111111000000000000000111111111
11111111000000000000000111111111
11111111000000000000000011111111
11111111000000000000000011111111
11111111000000000000000011111111
11111111000000000000000111111111
11111111110000000000011111111110
01111111110000000000011111111000
00111111111100000000111111111000
00111111111100000000111111111000
00001111111111110011111111110000
00000111111111111111111111000000
00000111111111111111111111000000
00000111111111111111111111000000
00000111111111111111111111000000
00001111111111111111111111110000
00001111111111111111111111110000
00111111111110000000111111111000
00111111111110000000111111111100
00111111110000000000011111111110
11111111000000000000000111111111
11111111000000000000000111111111
11111111000000000000000011111111
11111110000000000000000011111111
11111110000000000000000011111111
11111111000000000000000011111111
11111111000000000000000011111111
11111111000000000000000111111111
11111111000000000000000111111111
11111111000000000000000111111110
00111111110000000000011111111100
00011111111111111111111111111000
00001111111111111111111111110000
00001111111111111111111111110000
00001111111111111111111111100000
00000001111111111111111110000000
00000000111111111111111000000000
00000000111111111111110000000000

9
00000000000011111111100000000000
00000000000111111111110000000000
00000000111111111111111100000000
00000001111111111111111111110000
00000111111111111111111111111000
00001111111111111111111111111000
00001111111111111111111111111100
00111111111111100000111111111110
00111111111100000000011111111110
11111111110000000000000111111111
11111111110000000000000111111111
11111111110000000000000111111111
11111111110000000000000111111111
11111111000000000000000111111111
11111111000000000000000111111111
11111111000000000000000111111111
11111111000000000000000111111111
11111111000000000000000111111111
11111111000000000000000111111111
11111111000000000000000111111111
11111111110000000000011111111110
11111111111100000000111111111100
00111111111110000011111111111000
00111111111111111111111111110000
00111111111111111111111111110000
00001111111111111111111111110000
00000111111111111111111111000000
00000001111111111111111111000000
00000000000011111111111111000000
00000000000000001111111100000000
00000000000000001111111100000000
00000000000000011111111000000000
00000000000000011111111000000000
00000000000001111111111000000000
00000000000001111111100000000000
00000000000011111111000000000000
00000000000011111111000000000000
00000000001111111111000000000000
00000000001111111110000000000000
00000000001111111100000000000000
00000000111111111000000000000000
00000001111111110000000000000000
00000001111111110000000000000000
00000001111111110000000000000000
00000111111111100000000000000000
00000111111111000000000000000000
00001111111110000000000000000000
00001111110000000000000000000000

고
11111111111111111111111111111110
11111111111111111111111111111110
11111111111111111111111111111110
11111111111111111111111111111110
11111111111111111111111111111110
11111111111111111111111111111110
11111111111111111111111111111110
00000000000000000000000001111110
00000000000000000000000001111110
00000000000000000000000001111110
00000000000000000000000001111110
00000000000000000000000001111110
00000000000000000000000001111110
00000000000000000000000001111110
00000000000000000000000001111110
00000000000000000000000001111110
00000000000000000000000001111110
00000000000000000000000001111110
00000000000000000000000001111110
00000000000000000000000001111110
00000000001111110000000001111110
00000000001111110000000001111110
00000000001111110000000001111110
00000000001111110000000001111110
00000000001111110000000001111110
00000000001111110000000001111110
00000000001111110000000001111110
00000000001111110000000001111110
00000000001111110000000001111110
00000000001111110000000001111110
00000000001111110000000001111110
00000000001111110000000001111110
00000000001111110000000001111110
00000000001111110000000001111110
00000000001111110000000001111110
00000000001111110000000001111110
00000000001111110000000001111110
00000000001111110000000001111100
00000000001111110000000001111100
00000000001111110000000001111100
00000000001111110000000011111100
00000000001111110000000011111100
00000000001111110000000011111100
00000000001111110000000011111100
00000000011111111100001111111100
11111111111111111111111111111111
11111111111111111111111111111111
11111111111111111111111111111111

구
00111111111111111111111111111110
00111111111111111111111111111110
00111111111111111111111111111110
00111111111111111111111111111110
00111111111111111111111111111110
00111111111111111111111111111110
00111111111111111111111111111110
00000000000000000000000000111110
00000000000000000000000000111110
00000000000000000000000000111110
00000000000000000000000000111110
00000000000000000000000000111110
00000000000000000000000000111110
00000000000000000000000000111110
00000000000000000000000000111110
00000000000000000000000000111110
00000000000000000000000000111110
00000000000000000000000000111110
00000000000000000000000000111110
00000000000000000000000000111110
00000000000000000000000000111110
00000000000000000000000000111110
00000000000000000000000001111110
00000000000000000000000001111110
00000000000000000000000011111100
00000000000000000000000011111100
00000000000000000000000111111000
11111111111111111111111111111111
11111111111111111111111111111111
11111111111111111111111111111111
11111111111111111111111111111111
11111111111111111111111111111111
11111111111111111111111111111111
00000000000000011111100000000000
00000000000000011111100000000000
00000000000000011111100000000000
00000000000000011111100000000000
00000000000000011111100000000000
00000000000000011111100000000000
00000000000000011111100000000000
00000000000000011111100000000000
00000000000000011111100000000000
00000000000000011111100000000000
00000000000000011111100000000000
00000000000000011111100000000000
00000000000000011111100000000000
00000000000000011111100000000000
00000000000000011111100000000000

노
11111110000000000000000000000000
11111110000000000000000000000000
11111110000000000000000000000000
11111110000000000000000000000000
11111110000000000000000000000000
11111110000000000000000000000000
11111110000000000000000000000000
11111110000000000000000000000000
11111110000000000000000000000000
11111110000000000000000000000000
11111110000000000000000000000000
11111110000000000000000000000000
11111110000000000000000000000000
11111110000000000000000000000000
11111110000000000000000000000000
11111110000000000000000000000000
11111110000000000000000000000000
11111110000000000000000000000000
11111110000000000000000000000000
11111110000000000000000000000000
11111110000000000000000000000000
11111111111111111111111111111111
11111111111111111111111111111111
11111111111111111111111111111111
11111111111111111111111111111111
11111111111111111111111111111111
11111111111111111111111111111111
11111111111111111111111111111111
00000000000000000000000000000000
00000000000000000000000000000000
00000000000000000000000000000000
00000000000000000000000000000000
00000000000001111111000000000000
00000000000001111111000000000000
00000000000001111111000000000000
00000000000001111111000000000000
00000000000001111111000000000000
00000000000001111111000000000000
00000000000001111111000000000000
00000000000001111111000000000000
00000000000001111111000000000000
00000000000001111111000000000000
00000000000001111111000000000000
00000000000001111111000000000000
11111111111111111111111111111111
11111111111111111111111111111111
11111111111111111111111111111111
11111111111111111111111111111111

누
11111110000000000000000000000000
11111110000000000000000000000000
11111110000000000000000000000000
11111110000000000000000000000000
11111110000000000000000000000000
11111110000000000000000000000000
11111110000000000000000000000000
11111110000000000000000000000000
11111110000000000000000000000000
11111110000000000000000000000000
11111110000000000000000000000000
11111110000000000000000000000000
11111110000000000000000000000000
11111110000000000000000000000000
11111111111111111111111111111110
11111111111111111111111111111110
11111111111111111111111111111110
11111111111111111111111111111110
11111111111111111111111111111110
11111111111111111111111111111110
00000000000000000000000000000000
00000000000000000000000000000000
00000000000000000000000000000000
00000000000000000000000000000000
00000000000000000000000000000000
00000000000000000000000000000000
11111111111111111111111111111111
11111111111111111111111111111111
11111111111111111111111111111111
11111111111111111111111111111111
11111111111111111111111111111111
11111111111111111111111111111111
00000000000001111111000000000000
00000000000001111111000000000000
00000000000001111111000000000000
00000000000001111111000000000000
00000000000001111111000000000000
00000000000001111111000000000000
00000000000001111111000000000000
00000000000001111111000000000000
00000000000001111111000000000000
00000000000001111111000000000000
00000000000001111111000000000000
00000000000001111111000000000000
00000000000001111111000000000000
00000000000001111111000000000000
00000000000001111111000000000000
00000000000001111111000000000000

더
00000000000000000000000000111111
00000000000000000000000000111111
11111111111111111111000000111111
11111111111111111111000000111111
11111111111111111111000000111111
11111111111111111111000000111111
11111100000000000000000000111111
11111100000000000000000000111111
11111100000000000000000000111111
11111100000000000000000000111111
11111100000000000000000000111111
11111100000000000000000000111111
11111100000000000000000000111111
11111100000000000000000000111111
11111100000000000000000000111111
11111100000000000000000000111111
11111100000000000000000000111111
11111100000000000000000000111111
11111100000000000000000000111111
11111100000000000000000000111111
11111100000000000000000000111111
11111100000000000000000001111111
11111100000000000111111111111111
11111100000000000111111111111111
11111100000000000111111111111111
11111100000000000111111111111111
11111100000000000000000000111111
11111100000000000000000000111111
11111100000000000000000000111111
11111100000000000000000000111111
11111100000000000000000000111111
11111100000000000000000000111111
11111100000000000000000000111111
11111100000000000000000000111111
11111100000000000000000000111111
11111100000000000000000000111111
11111100000000000000000000111111
11111100000000000000000000111111
11111100000000000000000000111111
11111100000000000000000000111111
11111100000000000000000000111111
11111111111111111111111111111111
11111111111111111111111111111111
11111111111111111111111111111111
11111111111111111111111111111111
00000000000000000000000000111111
00000000000000000000000000111111
00000000000000000000000000111111

도
00111111111111111111111111111100
00111111111111111111111111111100
00111111111111111111111111111100
00111111111111111111111111111100
00111111111111111111111111111100
00111111111111111111111111111100
00111111000000000000000000000000
00111111000000000000000000000000
00111111000000000000000000000000
00111111000000000000000000000000
00111111000000000000000000000000
00111111000000000000000000000000
00111111000000000000000000000000
00111111000000000000000000000000
00111111000000000000000000000000
00111111000000000000000000000000
00111111000000000000000000000000
00111111000000000000000000000000
00111111000000000000000000000000
00111111000000000000000000000000
00111111000000000000000000000000
00111111111111111111111111111100
00111111111111111111111111111100
00111111111111111111111111111100
00111111111111111111111111111100
00111111111111111111111111111100
00000000000000000000000000000000
00000000000000000000000000000000
00000000000000000000000000000000
00000000000000000000000000000000
00000000000000000000000000000000
00000000000001111110000000000000
00000000000001111110000000000000
00000000000001111110000000000000
00000000000001111110000000000000
00000000000001111110000000000000
00000000000001111110000000000000
00000000000001111110000000000000
00000000000001111110000000000000
00000000000001111110000000000000
00000000000001111110000000000000
00000000000001111110000000000000
00000000000001111110000000000000
11111111111111111111111111111111
11111111111111111111111111111111
11111111111111111111111111111111
11111111111111111111111111111111
11111111111111111111111111111111

두
00111111111111111111111111111110
00111111111111111111111111111110
00111111111111111111111111111110
00111111111111111111111111111110
00111111111111111111111111111110
00111111111111111111111111111110
00111111111111111111111111111110
00111111000000000000000000000000
00111111000000000000000000000000
00111111000000000000000000000000
00111111000000000000000000000000
00111111000000000000000000000000
00111111000000000000000000000000
00111111000000000000000000000000
00111111000000000000000000000000
00111111000000000000000000000000
00111111000000000000000000000000
00111111111111111111111111111110
00111111111111111111111111111110
00111111111111111111111111111110
00111111111111111111111111111110
00111111111111111111111111111110
00111111111111111111111111111110
00000000000000000000000000000000
00000000000000000000000000000000
00000000000000000000000000000000
00000000000000000000000000000000
00000000000000000000000000000000
00000000000000000000000000000000
00000000000000000000000000000000
11111111111111111111111111111111
11111111111111111111111111111111
11111111111111111111111111111111
11111111111111111111111111111111
11111111111111111111111111111111
11111111111111111111111111111111
00000000000001111111000000000000
00000000000001111111000000000000
00000000000001111111000000000000
00000000000001111111000000000000
00000000000001111111000000000000
00000000000001111111000000000000
00000000000001111111000000000000
00000000000001111111000000000000
00000000000001111111000000000000
00000000000001111111000000000000
00000000000001111111000000000000
00000000000001111111000000000000

라
00000000000000000000000011111000
00000000000000000000000011111000
00000000000000000000000011111000
11111111111111111110000011111000
11111111111111111110000011111000
11111111111111111110000011111000
11111111111111111110000011111000
11111111111111111110000011111000
00000000000000111110000011111000
00000000000000111110000011111000
00000000000000111110000011111000
00000000000000111110000011111000
00000000000000111110000011111000
00000000000000111110000011111000
00000000000000111110000011111000
00000000000000111110000011111000
00000000000000111110000011111000
00000000000000111110000011111000
00000000000000111110000011111000
00000000000000111110000011111000
00000000000000111110000011111000
11111111111111111110000011111000
11111111111111111110000011111111
11111111111111111110000011111111
11111111111111111110000011111111
11111111111111111110000011111111
11111111111111111110000011111111
11111110000000000000000011111000
11111110000000000000000011111000
11111110000000000000000011111000
11111110000000000000000011111000
11111110000000000000000011111000
11111110000000000000000011111000
11111110000000000000000011111000
11111110000000000000000011111000
11111110000000000000000011111000
11111110000000000000000011111000
11111110000000000000000011111000
11111110000000000000000011111000
11111110000000000000000011111000
11111111111111111111111111111000
11111111111111111111111111111000
11111111111111111111111111111000
11111111111111111111111111111000
11111111111111111111111111111000
11111111111111111111111111111000
00000000000000000000000011111000
00000000000000000000000011111000

로
00111111111111111111111111111000
00111111111111111111111111111000
00111111111111111111111111111000
00111111111111111111111111111000
00111111111111111111111111111000
00111111111111111111111111111000
00000000000000000000000111111000
00000000000000000000000111111000
00000000000000000000000111111000
00000000000000000000000111111000
00000000000000000000000111111000
00000000000000000000000111111000
00111111111111111111111111111000
00111111111111111111111111111000
00111111111111111111111111111000
00111111111111111111111111111000
00111111111111111111111111111000
00111111111111111111111111110000
00111111000000000000000000000000
00111111000000000000000000000000
00111111000000000000000000000000
00111111000000000000000000000000
00111111000000000000000000000000
00111111000000000000000000000000
00111111111111111111111111111110
00111111111111111111111111111110
00111111111111111111111111111110
00111111111111111111111111111110
00111111111111111111111111111110
00111111111111111111111111111110
00000000000000000000000000000000
00000000000000000000000000000000
00000000000000000000000000000000
00000000000000000000000000000000
00000000000001111100000000000000
00000000000001111100000000000000
00000000000001111100000000000000
00000000000001111100000000000000
00000000000001111100000000000000
00000000000001111100000000000000
00000000000001111100000000000000
00000000000001111100000000000000
11111111111111111111111111111111
11111111111111111111111111111111
11111111111111111111111111111111
11111111111111111111111111111111
11111111111111111111111111111111
11111111111111111111111111111111

루
11111111111111111111111111111110
11111111111111111111111111111110
11111111111111111111111111111110
11111111111111111111111111111110
11111111111111111111111111111110
11111111111111111111111111111110
11111111111111111111111111111110
00000000000000000000000001111110
00000000000000000000000001111110
00000000000000000000000001111110
00000000000000000000000001111110
00111111111111111111111111111110
00111111111111111111111111111110
00111111111111111111111111111110
00111111111111111111111111111110
00111111111111111111111111111110
00111111111111111111111111111110
00111111111111111111111111111110
00111111000000000000000000000000
00111111000000000000000000000000
00111111000000000000000000000000
00111111000000000000000000000000
00111111111111111111111111111111
00111111111111111111111111111111
00111111111111111111111111111111
00111111111111111111111111111111
00111111111111111111111111111111
00111111111111111111111111111111
00111111111111111111111111111111
00000000000000000000000000000000
00000000000000000000000000000000
00000000000000000000000000000000
00000000000000000000000000000000
11111111111111111111111111111111
11111111111111111111111111111111
11111111111111111111111111111111
11111111111111111111111111111111
11111111111111111111111111111111
00000000000000011111000000000000
00000000000000011111000000000000
00000000000000011111000000000000
00000000000000011111000000000000
00000000000000011111000000000000
00000000000000011111000000000000
00000000000000011111000000000000
00000000000000011111000000000000
00000000000000011111000000000000
00000000000000011111000000000000

머
00000000000000000000000000111111
00000000000000000000000000111111
11111111111111111110000000111111
11111111111111111110000000111111
11111111111111111110000000111111
11111111111111111110000000111111
11111111111111111110000000111111
11111100000001111110000000111111
11111100000001111110000000111111
11111100000001111110000000111111
11111100000001111110000000111111
11111100000001111110000000111111
11111100000001111110000000111111
11111100000001111110000000111111
11111100000001111110000000111111
11111100000001111110000000111111
11111100000001111110000000111111
11111100000001111110000000111111
11111100000001111110000000111111
11111100000001111110000000111111
11111100000001111111111111111111
11111100000001111111111111111111
11111100000001111111111111111111
11111100000001111111111111111111
11111100000001111111111111111111
11111100000001111111111111111111
11111100000001111111111111111111
11111100000001111110000000111111
11111100000001111110000000111111
11111100000001111110000000111111
11111100000001111110000000111111
11111100000001111110000000111111
11111100000001111110000000111111
11111100000001111110000000111111
11111100000001111110000000111111
11111100000001111110000000111111
11111100000001111110000000111111
11111100000001111110000000111111
11111100000001111110000000111111
11111111111111111110000000111111
11111111111111111110000000111111
11111111111111111110000000111111
11111111111111111110000000111111
11111111111111111110000000111111
11111111111111111110000000111111
00000000000000000000000000111111
00000000000000000000000000111111
00000000000000000000000000111111

무
00111111111111111111111111111100
00111111111111111111111111111100
00111111111111111111111111111100
00111111111111111111111111111100
00111111111111111111111111111100
00111110000000000000000001111100
00111110000000000000000001111100
00111110000000000000000001111100
00111110000000000000000001111100
00111110000000000000000001111100
00111110000000000000000001111100
00111110000000000000000001111100
00111110000000000000000001111100
00111110000000000000000001111100
00111110000000000000000001111100
00111110000000000000000001111100
00111110000000000000000001111100
00111111111111111111111111111100
00111111111111111111111111111100
00111111111111111111111111111100
00111111111111111111111111111100
00000000000000000000000000000000
00000000000000000000000000000000
00000000000000000000000000000000
00000000000000000000000000000000
00000000000000000000000000000000
00000000000000000000000000000000
00000000000000000000000000000000
00000000000000000000000000000000
11111111111111111111111111111111
11111111111111111111111111111111
11111111111111111111111111111111
11111111111111111111111111111111
11111111111111111111111111111111
00000000000000111110000000000000
00000000000000111110000000000000
00000000000000111110000000000000
00000000000000111110000000000000
00000000000000111110000000000000
00000000000000111110000000000000
00000000000000111110000000000000
00000000000000111110000000000000
00000000000000111110000000000000
00000000000000111110000000000000
00000000000000111110000000000000
00000000000000111110000000000000
00000000000000111110000000000000
00000000000000111110000000000000

버
11111100000001111110000000111111
11111100000001111110000000111111
11111100000001111110000000111111
11111100000001111110000000111111
11111100000001111110000000111111
11111100000001111110000000111111
11111100000001111110000000111111
11111100000001111110000000111111
11111100000001111110000000111111
11111100000001111110000000111111
11111100000001111110000000111111
11111100000001111110000000111111
11111100000001111110000000111111
11111100000001111110000000111111
11111100000001111110000000111111
11111111111111111110000000111111
11111111111111111110000000111111
11111111111111111110000000111111
11111111111111111110000000111111
11111111111111111111111111111111
11111100000001111111111111111111
11111100000001111111111111111111
11111100000001111111111111111111
11111100000001111111111111111111
11111100000001111110000000111111
11111100000001111110000000111111
11111100000001111110000000111111
11111100000001111110000000111111
11111100000001111110000000111111
11111100000001111110000000111111
11111100000001111110000000111111
11111100000001111110000000111111
11111100000001111110000000111111
11111100000001111110000000111111
11111100000001111110000000111111
11111100000001111110000000111111
11111100000001111110000000111111
11111100000001111110000000111111
11111100000001111110000000111111
11111111111111111110000000111111
11111111111111111110000000111111
11111111111111111110000000111111
11111111111111111110000000111111
11111111111111111110000000111111
00000000000000000000000000111111
00000000000000000000000000111111
00000000000000000000000000111111
00000000000000000000000000111111

부
01111111000000000000000001111111
01111111000000000000000001111111
01111111000000000000000001111111
01111111000000000000000001111111
01111111000000000000000001111111
01111111000000000000000001111111
01111111111111111111111111111111
01111111111111111111111111111111
01111111111111111111111111111111
01111111111111111111111111111111
01111111111111111111111111111111
01111111000000000000000001111111
01111111000000000000000001111111
01111111000000000000000001111111
01111111000000000000000001111111
01111111000000000000000001111111
01111111000000000000000001111111
01111111000000000000000001111111
01111111111111111111111111111111
01111111111111111111111111111111
01111111111111111111111111111111
01111111111111111111111111111111
01111111111111111111111111111111
01111111111111111111111111111111
00000000000000000000000000000000
00000000000000000000000000000000
00000000000000000000000000000000
00000000000000000000000000000000
11111111111111111111111111111111
11111111111111111111111111111111
11111111111111111111111111111111
11111111111111111111111111111111
11111111111111111111111111111111
11111111111111111111111111111111
00000000000001111111000000000000
00000000000001111111000000000000
00000000000001111111000000000000
00000000000001111111000000000000
00000000000001111111000000000000
00000000000001111111000000000000
00000000000001111111000000000000
00000000000001111111000000000000
00000000000001111111000000000000
00000000000001111111000000000000
00000000000001111111000000000000
00000000000001111111000000000000
00000000000001111111000000000000
00000000000001111111000000000000

서
00000000011111100000000000011111
00000000011111100000000000011111
00000000011111100000000000011111
00000000011111100000000000011111
00000000011111100000000000011111
00000000011111100000000000011111
00000000011111100000000000011111
00000000011111100000000000011111
00000000011111100000000000011111
00000000011111100000000000011111
00000000011111100000000000011111
00000000011111100000000000011111
00000000011111100000000000011111
00000000011111100000000000011111
00000000011111100000000000011111
00000000011111100000000000011111
00000000011111100000000000011111
00000000011111100000000000011111
00000000011111100000011111111111
00000000011111100000011111111111
00000000011111100000011111111111
00000000011111100000011111111111
00000000011111100000011111111111
00000000011111100000011111111111
00000000011111110000000000011111
00000000011111110000000000011111
00000000111111110000000000011111
00000000111111110000000000011111
00000000111111110000000000011111
00000000111111111100000000011111
00000000111111111100000000011111
00000011111111111100000000011111
00000011111100111100000000011111
00000011111100111100000000011111
00000111111000111110000000011111
00000111111000111110000000011111
00000111111000011111100000011111
00011111100000011111100000011111
00011111100000011111100000011111
00111111100000001111110000011111
11111111000000000011111100011111
11111111000000000011111100011111
01111100000000000011111100011111
00111100000000000011111100011111
00011000000000000001110000011111
00000000000000000000000000011111
00000000000000000000000000011111
00000000000000000000000000011111

소
00000000000001111111000000000000
00000000000001111111000000000000
00000000000001111111000000000000
00000000000001111111000000000000
00000000000001111111000000000000
00000000000001111111000000000000
00000000000001111111000000000000
00000000000001111111000000000000
00000000000001111111000000000000
00000000000001111111000000000000
00000000000001111111100000000000
00000000000001111111100000000000
00000000000011111111100000000000
00000000000011111111100000000000
00000000000011111111100000000000
00000000000011111111100000000000
00000000001111111111111000000000
00000000001111111111111000000000
00000000001111110011111100000000
00000000001111110011111100000000
00000001111111100011111111000000
00000001111111100011111111000000
00000111111110000000111111110000
00000111111110000000111111110000
00001111111100000000011111111110
00001111111100000000011111111110
11111111000000000000000011111111
11111111000000000000000011111111
11111110000000011100000000111111
11111110000000011100000000111111
00000000000001111111000000000000
00000000000001111111000000000000
00000000000001111111000000000000
00000000000001111111000000000000
00000000000001111111000000000000
00000000000001111111000000000000
00000000000001111111000000000000
00000000000001111111000000000000
00000000000001111111000000000000
00000000000001111111000000000000
00000000000001111111000000000000
00000000000001111111000000000000
00000000000001111111000000000000
00000000000001111111000000000000
11111111111111111111111111111111
11111111111111111111111111111111
11111111111111111111111111111111
11111111111111111111111111111111

수
00000000000001111110000000000000
00000000000001111110000000000000
00000000000001111110000000000000
00000000000001111110000000000000
00000000000001111110000000000000
00000000000001111110000000000000
00000000000001111110000000000000
00000000000011111111000000000000
00000000000011111111000000000000
00000000000011111111100000000000
00000000000011111111100000000000
00000000001111111111111100000000
00000000001111111111111100000000
00000001111111100011111111000000
00000001111111100011111111000000
00001111111110000000111111110000
00011111111110000000111111111000
11111111110000000000000111111111
11111111110000000000000111111111
11111100000000000000000000111111
11111100000000000000000000111111
00000000000000000000000000000000
00000000000000000000000000000000
00000000000000000000000000000000
00000000000000000000000000000000
00000000000000000000000000000000
00000000000000000000000000000000
00000000000000000000000000000000
00000000000000000000000000000000
00000000000000000000000000000000
11111111111111111111111111111111
11111111111111111111111111111111
11111111111111111111111111111111
11111111111111111111111111111111
11111111111111111111111111111111
11111111111111111111111111111111
00000000000000111111000000000000
00000000000000111111000000000000
00000000000000111111000000000000
00000000000000111111000000000000
00000000000000111111000000000000
00000000000000111111000000000000
00000000000000111111000000000000
00000000000000111111000000000000
00000000000000111111000000000000
00000000000000111111000000000000
00000000000000111111000000000000
00000000000000111111000000000000

오
00000000011111111111000000000000
00000000011111111111000000000000
00000000011111111111000000000000
00000011111111111111111100000000
00000011111111111111111100000000
00111111111111101111111111100000
00111111111111101111111111100000
00111111100000000000001111111000
00111111100000000000001111111000
00111111100000000000001111111000
11111111000000000000000011111000
11111111000000000000000011111000
11111100000000000000000011111110
11111100000000000000000011111110
11111100000000000000000001111110
11111100000000000000000001111110
11111100000000000000000001111110
11111100000000000000000001111110
11111100000000000000000001111110
11111100000000000000000011111110
11111100000000000000000011111110
00111111000000000000000011111110
00111111000000000000000011111110
00111111100000000000001111111000
00111111100000000000001111111000
00111111100000000000001111111000
00001111111110000011111111100000
00001111111110000011111111100000
00000011111111111111111110000000
00000000111111111111111110000000
00000000000111111111110000000000
00000000000111111111110000000000
00000000000001111100000000000000
00000000000001111100000000000000
00000000000001111100000000000000
00000000000001111100000000000000
00000000000001111100000000000000
00000000000001111100000000000000
00000000000001111100000000000000
00000000000001111100000000000000
00000000000001111100000000000000
00000000000001111100000000000000
00000000000001111100000000000000
00000000000001111100000000000000
00000000000001111100000000000000
11111111111111111111111111111111
11111111111111111111111111111111
11111111111111111111111111111111

우
00000000001111111111100000000000
00000000001111111111100000000000
00000001111111111111111111000000
00000001111111111111111111000000
00001111111111111111111111100000
00001111111111100111111111111000
00001111111111100111111111111000
00111111110000000000011111111100
00111111110000000000011111111100
01111111000000000000000011111110
01111110000000000000000011111110
01111110000000000000000011111111
01111110000000000000000000111111
01111110000000000000000000111111
01111110000000000000000011111111
01111111000000000000000011111111
01111111000000000000000011111110
00111111110000000000000111111100
00111111110000000000000111111100
00111111111110000000111111111000
00001111111111111111111111100000
00001111111111111111111111100000
00000001111111111111111111000000
00000001111111111111111111000000
00000000001111111111111000000000
00000000000000000000000000000000
00000000000000000000000000000000
00000000000000000000000000000000
00000000000000000000000000000000
00000000000000000000000000000000
11111111111111111111111111111111
11111111111111111111111111111111
11111111111111111111111111111111
11111111111111111111111111111111
11111111111111111111111111111111
00000000000000111111100000000000
00000000000000111111100000000000
00000000000000111111100000000000
00000000000000111111100000000000
00000000000000111111100000000000
00000000000000111111100000000000
00000000000000111111100000000000
00000000000000111111100000000000
00000000000000111111100000000000
00000000000000111111100000000000
00000000000000111111100000000000
00000000000000111111100000000000
00000000000000111111100000000000

저
11111111111111111111111000111111
11111111111111111111111000111111
11111111111111111111111000111111
11111111111111111111111000111111
11111111111111111111111000111111
11111111111111111111111000111111
00000000111111100000000000111111
00000000111111100000000000111111
00000000111111100000000000111111
00000000111111100000000000111111
00000000111111100000000000111111
00000000111111100000000000111111
00000000111111100000000000111111
00000000111111100000000000111111
00000000111111100000000000111111
00000000111111100000000000111111
00000000111111100000000000111111
00000000111111100000000000111111
00000000111111100000011111111111
00000000111111100000011111111111
00000000111111100000011111111111
00000000111111100000011111111111
00000000111111100000011111111111
00000000111111100000011111111111
00000000111111110000000000111111
00000000111111110000000000111111
00000001111111110000000000111111
00000001111111110000000000111111
00000001111111110000000000111111
00000001111111110000000000111111
00000001111111111100000000111111
00000001111111111100000000111111
00000111111111111111000000111111
00000111111111111111000000111111
00001111111101111111000000111111
00001111111101111111000000111111
00111111110000011111100000111111
00111111110000011111100000111111
11111111000000011111111000111111
11111111000000011111111000111111
11111110000000001111111000111111
11111110000000001111111000111111
11111110000000000011111000111111
11111110000000000011111000111111
00000000000000000000000000111111
00000000000000000000000000111111
00000000000000000000000000111111
00000000000000000000000000111111

조
11111111111111111111111111111111
11111111111111111111111111111111
11111111111111111111111111111111
11111111111111111111111111111111
11111111111111111111111111111111
11111111111111111111111111111111
00000000000001111110000000000000
00000000000001111110000000000000
00000000000001111110000000000000
00000000000001111110000000000000
00000000000001111110000000000000
00000000000001111110000000000000
00000000000001111110000000000000
00000000000001111110000000000000
00000000000001111110000000000000
00000000000001111110000000000000
00000000000011111111000000000000
00000000000111111111100000000000
00000000001111111111100000000000
00000000011111111111110000000000
00000000011111101111110000000000
00000000111111000011111100000000
00000000111111000011111100000000
00000011111100000011111111100000
00011111111100000001111111110000
00011111111100000001111111110000
11111111111000000000001111111111
11111111111000000000001111111111
11111111000000000000000011111111
11111100000000111110000000011111
11111100000000111110000000011111
00000000000000111110000000000000
00000000000000111110000000000000
00000000000000111110000000000000
00000000000000111110000000000000
00000000000000111110000000000000
00000000000000111110000000000000
00000000000000111110000000000000
00000000000000111110000000000000
00000000000000111110000000000000
00000000000000111110000000000000
00000000000000111110000000000000
00000000000000111110000000000000
11111111111111111111111111111111
11111111111111111111111111111111
11111111111111111111111111111111
11111111111111111111111111111111
11111111111111111111111111111111

허
00000000011110000000000000111111
00000000011110000000000000111111
00000000011110000000000000111111
00000000111111000000000000111111
00000000111111000000000000111111
11111111111111111111110000111111
11111111111111111111110000111111
11111111111111111111110000111111
11111111111111111111110000111111
11111111111111111111110000111111
11111111111111111111110000111111
00000111111111111000000000111111
00000111111111111000000000111111
00000111111111111110000000111111
00000111111111111110000000111111
00001111110000111111000000111111
00001111110000111111000000111111
00001111000000001111000000111111
00001111000000001111000000111111
00111111000000001111110000111111
00111111000000001111110000111111
00111110000000000111110000111111
00111110000000000111110000111111
00111110000000000111111111111111
00111110000000000111111111111111
00111110000000000111111111111111
00111110000000000111111111111111
00111110000000000111111111111111
00111110000000000111111111111111
00111110000000000111111111111111
00111110000000000111111000111111
00111110000000000111111000111111
00111110000000000111111000111111
00111110000000000111111000111111
00111111000000000111110000111111
00111111000000000111110000111111
00111111000000000111110000111111
00111111000000000111110000111111
00001111110000001111110000111111
00001111110000001111110000111111
00000111110000001111000000111111
00000111110000001111000000111111
00000111111111111111000000111111
00000111111111111111000000111111
00000001111111111110000000111111
00000001111111111110000000111111
00000000001111110000000000111111
00000000001111110000000000111111

