a
00000000000000001110000000000000
00000000000011111111110000000000
00000000011111111111111110000000
00000000111111111111111111100000
00000011111111111111111111110000
00000111111111111111111111111000
00000111111111111111111111111000
00001111111110000000111111111100
00011111111000000000001111111100
00011111100000000000000111111100
00011111000000000000000011111110
00111111000000000000000011111110
00111111000000000000000011111110
00111111000000000000000001111110
00111110000000000000000001111110
00000000000000000000000001111110
00000000000000000000000001111110
00000000000000000000000001111110
00000000000000000000000001111110
00000000000000000000000011111110
00000000000000000001111111111110
00000000000000111111111111111110
00000000000111111111111111111110
00000000111111111111111111111110
00000011111111111111111111111110
00000111111111111111110001111110
00011111111111111110000001111110
00011111111111110000000001111110
00011111111000000000000001111110
00111111100000000000000001111110
01111111000000000000000001111110
01111110000000000000000001111110
01111110000000000000000001111110
01111100000000000000000011111110
01111100000000000000000011111110
11111100000000000000000011111110
11111100000000000000000011111110
01111100000000000000000111111110
01111100000000000000000111111110
01111110000000000000001111111110
01111111000000000000011111111110
00111111000000000001111111111110
00111111111000000111111110111110
00011111111111111111111100111111
00011111111111111111111000111111
00001111111111111111110000111111
00000111111111111111000000011111
00000001111111111100000000011111


b
11111110000000000000000000000000
11111110000000000000000000000000
11111110000000000000000000000000
11111110000000000000000000000000
11111110000000000000000000000000
11111110000000000000000000000000
11111110000000000000000000000000
11111110000000000000000000000000
11111110000000000000000000000000
11111110000000000000000000000000
11111110000000000000000000000000
11111110000000000000000000000000
11111110000000001100000000000000
11111110000011111111110000000000
11111110001111111111111100000000
11111110111111111111111111000000
11111110111111111111111111100000
11111111111111000001111111110000
11111111111100000000011111111000
11111111111000000000001111111000
11111111100000000000000011111100
11111111100000000000000011111100
11111111000000000000000001111110
11111111000000000000000001111110
11111110000000000000000000111111
11111110000000000000000000111111
11111110000000000000000000111111
11111110000000000000000000111111
11111110000000000000000000111111
11111110000000000000000000111111
11111110000000000000000000111111
11111110000000000000000000111111
11111110000000000000000000111111
11111110000000000000000000111111
11111110000000000000000000111111
11111110000000000000000000111111
11111110000000000000000000111111
11111111000000000000000001111110
11111111000000000000000001111110
11111111000000000000000011111110
11111111100000000000000011111100
11111111110000000000000111111000
11111111111000000000011111111000
11111111111100000000111111110000
11111110111111111111111111100000
11111110111111111111111111000000
11111110001111111111111100000000
11111110000111111111111000000000


-
11111110000000001110000000000000
11111110000011111111110000000000
11111110011111111111111110000000
11111110111111111111111111100000
11111101111111111111111111110000
11111001111111111111111111111000
11111001111111111111111111111000
11110001111110000000111111111100
11100001111000000000001111111100
11100001100000000000000111111100
11100001000000000000000011111110
11000001000000000000000011111110
11000001000000001100000011111110
11000001000011111111110001111110
11000000001111111111111101111110
11111110111111111111111110111110
11111110111111111111111110011110
11111111111111000001111110001110
11111111111100000000011110000110
11111111111000000000001100000110
11111111100000000001111100000010
11111111100000111111111100000010
11111111000111111111111110000000
11111111111111111111111110000000
11111101111111111111111111000001
11111001111111111111110001000001
11100001111111111110000001000001
11100001111111110000000001000001
11100001111000000000000001000001
11000001100000000000000001000001
10000001000000000000000001000001
10000000000000000000000001000001
10000000000000000000000001000001
10000010000000000000000011000001
10000010000000000000000011000001
00000010000000000000000011000001
00000010000000000000000011000001
10000011000000000000000110000000
10000011000000000000000110000000
10000001000000000000001100000000
10000000100000000000011100000010
11000000110000000001111000000110
11000000000000000111100001000110
11100000000011111111000011001111
11100001000000000000000111011111
11110001000000000000001111111111
11111001110000000000111100011111
11111111111000000011111000011111


