11111111111111111111111111111110
11111111111111111111111111111110
11111111111111111111111111111110
11111111111111111111111111111110
11111111111111111111111111111110
11111111111111111111111111111110
11111111111111111111111111111110
00000000000000000000000001111110
00000000000000000000000001111110
00000000000000000000000001111110
00000000000000000000000001111110
00000000000000000000000001111110
00000000000000000000000001111110
00000000000000000000000001111110
00000000000000000000000001111110
00000000000000000000000001111110
00000000000000000000000001111110
00000000000000000000000001111110
00000000000000000000000001111110
00000000000000000000000001111110
00000000001111110000000001111110
00000000001111110000000001111110
00000000001111110000000001111110
00000000001111110000000001111110
00000000001111110000000001111110
00000000001111110000000001111110
00000000001111110000000001111110
00000000001111110000000001111110
00000000001111110000000001111110
00000000001111110000000001111110
00000000001111110000000001111110
00000000001111110000000001111110
00000000001111110000000001111110
00000000001111110000000001111110
00000000001111110000000001111110
00000000001111110000000001111110
00000000001111110000000001111110
00000000001111110000000001111100
00000000001111110000000001111100
00000000001111110000000001111100
00000000001111110000000011111100
00000000001111110000000011111100
00000000001111110000000011111100
00000000001111110000000011111100
00000000011111111100001111111100
11111111111111111111111111111111
11111111111111111111111111111111
11111111111111111111111111111111


