00111111111111111111111111111110
00111111111111111111111111111110
00111111111111111111111111111110
00111111111111111111111111111110
00111111111111111111111111111110
00111111111111111111111111111110
00111111111111111111111111111110
00000000000000000000000000111110
00000000000000000000000000111110
00000000000000000000000000111110
00000000000000000000000000111110
00000000000000000000000000111110
00000000000000000000000000111110
00000000000000000000000000111110
00000000000000000000000000111110
00000000000000000000000000111110
00000000000000000000000000111110
00000000000000000000000000111110
00000000000000000000000000111110
00000000000000000000000000111110
00000000000000000000000000111110
00000000000000000000000000111110
00000000000000000000000001111110
00000000000000000000000001111110
00000000000000000000000011111100
00000000000000000000000011111100
00000000000000000000000111111000
11111111111111111111111111111111
11111111111111111111111111111111
11111111111111111111111111111111
11111111111111111111111111111111
11111111111111111111111111111111
11111111111111111111111111111111
00000000000000011111100000000000
00000000000000011111100000000000
00000000000000011111100000000000
00000000000000011111100000000000
00000000000000011111100000000000
00000000000000011111100000000000
00000000000000011111100000000000
00000000000000011111100000000000
00000000000000011111100000000000
00000000000000011111100000000000
00000000000000011111100000000000
00000000000000011111100000000000
00000000000000011111100000000000
00000000000000011111100000000000
00000000000000011111100000000000


