00000000000000000000000011111000
00000000000000000000000011111000
00000000000000000000000011111000
11111111111111111110000011111000
11111111111111111110000011111000
11111111111111111110000011111000
11111111111111111110000011111000
11111111111111111110000011111000
00000000000000111110000011111000
00000000000000111110000011111000
00000000000000111110000011111000
00000000000000111110000011111000
00000000000000111110000011111000
00000000000000111110000011111000
00000000000000111110000011111000
00000000000000111110000011111000
00000000000000111110000011111000
00000000000000111110000011111000
00000000000000111110000011111000
00000000000000111110000011111000
00000000000000111110000011111000
11111111111111111110000011111000
11111111111111111110000011111111
11111111111111111110000011111111
11111111111111111110000011111111
11111111111111111110000011111111
11111111111111111110000011111111
11111110000000000000000011111000
11111110000000000000000011111000
11111110000000000000000011111000
11111110000000000000000011111000
11111110000000000000000011111000
11111110000000000000000011111000
11111110000000000000000011111000
11111110000000000000000011111000
11111110000000000000000011111000
11111110000000000000000011111000
11111110000000000000000011111000
11111110000000000000000011111000
11111110000000000000000011111000
11111111111111111111111111111000
11111111111111111111111111111000
11111111111111111111111111111000
11111111111111111111111111111000
11111111111111111111111111111000
11111111111111111111111111111000
00000000000000000000000011111000
00000000000000000000000011111000


