00111111111111111111111111111000
00111111111111111111111111111000
00111111111111111111111111111000
00111111111111111111111111111000
00111111111111111111111111111000
00111111111111111111111111111000
00000000000000000000000111111000
00000000000000000000000111111000
00000000000000000000000111111000
00000000000000000000000111111000
00000000000000000000000111111000
00000000000000000000000111111000
00111111111111111111111111111000
00111111111111111111111111111000
00111111111111111111111111111000
00111111111111111111111111111000
00111111111111111111111111111000
00111111111111111111111111110000
00111111000000000000000000000000
00111111000000000000000000000000
00111111000000000000000000000000
00111111000000000000000000000000
00111111000000000000000000000000
00111111000000000000000000000000
00111111111111111111111111111110
00111111111111111111111111111110
00111111111111111111111111111110
00111111111111111111111111111110
00111111111111111111111111111110
00111111111111111111111111111110
00000000000000000000000000000000
00000000000000000000000000000000
00000000000000000000000000000000
00000000000000000000000000000000
00000000000001111100000000000000
00000000000001111100000000000000
00000000000001111100000000000000
00000000000001111100000000000000
00000000000001111100000000000000
00000000000001111100000000000000
00000000000001111100000000000000
00000000000001111100000000000000
11111111111111111111111111111111
11111111111111111111111111111111
11111111111111111111111111111111
11111111111111111111111111111111
11111111111111111111111111111111
11111111111111111111111111111111


