11111111111111111111111111111110
11111111111111111111111111111110
11111111111111111111111111111110
11111111111111111111111111111110
11111111111111111111111111111110
11111111111111111111111111111110
11111111111111111111111111111110
00000000000000000000000001111110
00000000000000000000000001111110
00000000000000000000000001111110
00000000000000000000000001111110
00111111111111111111111111111110
00111111111111111111111111111110
00111111111111111111111111111110
00111111111111111111111111111110
00111111111111111111111111111110
00111111111111111111111111111110
00111111111111111111111111111110
00111111000000000000000000000000
00111111000000000000000000000000
00111111000000000000000000000000
00111111000000000000000000000000
00111111111111111111111111111111
00111111111111111111111111111111
00111111111111111111111111111111
00111111111111111111111111111111
00111111111111111111111111111111
00111111111111111111111111111111
00111111111111111111111111111111
00000000000000000000000000000000
00000000000000000000000000000000
00000000000000000000000000000000
00000000000000000000000000000000
11111111111111111111111111111111
11111111111111111111111111111111
11111111111111111111111111111111
11111111111111111111111111111111
11111111111111111111111111111111
00000000000000011111000000000000
00000000000000011111000000000000
00000000000000011111000000000000
00000000000000011111000000000000
00000000000000011111000000000000
00000000000000011111000000000000
00000000000000011111000000000000
00000000000000011111000000000000
00000000000000011111000000000000
00000000000000011111000000000000


