00111111111111111111111111111100
00111111111111111111111111111100
00111111111111111111111111111100
00111111111111111111111111111100
00111111111111111111111111111100
00111110000000000000000001111100
00111110000000000000000001111100
00111110000000000000000001111100
00111110000000000000000001111100
00111110000000000000000001111100
00111110000000000000000001111100
00111110000000000000000001111100
00111110000000000000000001111100
00111110000000000000000001111100
00111110000000000000000001111100
00111110000000000000000001111100
00111110000000000000000001111100
00111111111111111111111111111100
00111111111111111111111111111100
00111111111111111111111111111100
00111111111111111111111111111100
00000000000000000000000000000000
00000000000000000000000000000000
00000000000000000000000000000000
00000000000000000000000000000000
00000000000000000000000000000000
00000000000000000000000000000000
00000000000000000000000000000000
00000000000000000000000000000000
11111111111111111111111111111111
11111111111111111111111111111111
11111111111111111111111111111111
11111111111111111111111111111111
11111111111111111111111111111111
00000000000000111110000000000000
00000000000000111110000000000000
00000000000000111110000000000000
00000000000000111110000000000000
00000000000000111110000000000000
00000000000000111110000000000000
00000000000000111110000000000000
00000000000000111110000000000000
00000000000000111110000000000000
00000000000000111110000000000000
00000000000000111110000000000000
00000000000000111110000000000000
00000000000000111110000000000000
00000000000000111110000000000000


