11111100000001111110000000111111
11111100000001111110000000111111
11111100000001111110000000111111
11111100000001111110000000111111
11111100000001111110000000111111
11111100000001111110000000111111
11111100000001111110000000111111
11111100000001111110000000111111
11111100000001111110000000111111
11111100000001111110000000111111
11111100000001111110000000111111
11111100000001111110000000111111
11111100000001111110000000111111
11111100000001111110000000111111
11111100000001111110000000111111
11111111111111111110000000111111
11111111111111111110000000111111
11111111111111111110000000111111
11111111111111111110000000111111
11111111111111111111111111111111
11111100000001111111111111111111
11111100000001111111111111111111
11111100000001111111111111111111
11111100000001111111111111111111
11111100000001111110000000111111
11111100000001111110000000111111
11111100000001111110000000111111
11111100000001111110000000111111
11111100000001111110000000111111
11111100000001111110000000111111
11111100000001111110000000111111
11111100000001111110000000111111
11111100000001111110000000111111
11111100000001111110000000111111
11111100000001111110000000111111
11111100000001111110000000111111
11111100000001111110000000111111
11111100000001111110000000111111
11111100000001111110000000111111
11111111111111111110000000111111
11111111111111111110000000111111
11111111111111111110000000111111
11111111111111111110000000111111
11111111111111111110000000111111
00000000000000000000000000111111
00000000000000000000000000111111
00000000000000000000000000111111
00000000000000000000000000111111


