01111111000000000000000001111111
01111111000000000000000001111111
01111111000000000000000001111111
01111111000000000000000001111111
01111111000000000000000001111111
01111111000000000000000001111111
01111111111111111111111111111111
01111111111111111111111111111111
01111111111111111111111111111111
01111111111111111111111111111111
01111111111111111111111111111111
01111111000000000000000001111111
01111111000000000000000001111111
01111111000000000000000001111111
01111111000000000000000001111111
01111111000000000000000001111111
01111111000000000000000001111111
01111111000000000000000001111111
01111111111111111111111111111111
01111111111111111111111111111111
01111111111111111111111111111111
01111111111111111111111111111111
01111111111111111111111111111111
01111111111111111111111111111111
00000000000000000000000000000000
00000000000000000000000000000000
00000000000000000000000000000000
00000000000000000000000000000000
11111111111111111111111111111111
11111111111111111111111111111111
11111111111111111111111111111111
11111111111111111111111111111111
11111111111111111111111111111111
11111111111111111111111111111111
00000000000001111111000000000000
00000000000001111111000000000000
00000000000001111111000000000000
00000000000001111111000000000000
00000000000001111111000000000000
00000000000001111111000000000000
00000000000001111111000000000000
00000000000001111111000000000000
00000000000001111111000000000000
00000000000001111111000000000000
00000000000001111111000000000000
00000000000001111111000000000000
00000000000001111111000000000000
00000000000001111111000000000000

