00000000011111100000000000011111
00000000011111100000000000011111
00000000011111100000000000011111
00000000011111100000000000011111
00000000011111100000000000011111
00000000011111100000000000011111
00000000011111100000000000011111
00000000011111100000000000011111
00000000011111100000000000011111
00000000011111100000000000011111
00000000011111100000000000011111
00000000011111100000000000011111
00000000011111100000000000011111
00000000011111100000000000011111
00000000011111100000000000011111
00000000011111100000000000011111
00000000011111100000000000011111
00000000011111100000000000011111
00000000011111100000011111111111
00000000011111100000011111111111
00000000011111100000011111111111
00000000011111100000011111111111
00000000011111100000011111111111
00000000011111100000011111111111
00000000011111110000000000011111
00000000011111110000000000011111
00000000111111110000000000011111
00000000111111110000000000011111
00000000111111110000000000011111
00000000111111111100000000011111
00000000111111111100000000011111
00000011111111111100000000011111
00000011111100111100000000011111
00000011111100111100000000011111
00000111111000111110000000011111
00000111111000111110000000011111
00000111111000011111100000011111
00011111100000011111100000011111
00011111100000011111100000011111
00111111100000001111110000011111
11111111000000000011111100011111
11111111000000000011111100011111
01111100000000000011111100011111
00111100000000000011111100011111
00011000000000000001110000011111
00000000000000000000000000011111
00000000000000000000000000011111
00000000000000000000000000011111


