00000000000001111111000000000000
00000000000001111111000000000000
00000000000001111111000000000000
00000000000001111111000000000000
00000000000001111111000000000000
00000000000001111111000000000000
00000000000001111111000000000000
00000000000001111111000000000000
00000000000001111111000000000000
00000000000001111111000000000000
00000000000001111111100000000000
00000000000001111111100000000000
00000000000011111111100000000000
00000000000011111111100000000000
00000000000011111111100000000000
00000000000011111111100000000000
00000000001111111111111000000000
00000000001111111111111000000000
00000000001111110011111100000000
00000000001111110011111100000000
00000001111111100011111111000000
00000001111111100011111111000000
00000111111110000000111111110000
00000111111110000000111111110000
00001111111100000000011111111110
00001111111100000000011111111110
11111111000000000000000011111111
11111111000000000000000011111111
11111110000000011100000000111111
11111110000000011100000000111111
00000000000001111111000000000000
00000000000001111111000000000000
00000000000001111111000000000000
00000000000001111111000000000000
00000000000001111111000000000000
00000000000001111111000000000000
00000000000001111111000000000000
00000000000001111111000000000000
00000000000001111111000000000000
00000000000001111111000000000000
00000000000001111111000000000000
00000000000001111111000000000000
00000000000001111111000000000000
00000000000001111111000000000000
11111111111111111111111111111111
11111111111111111111111111111111
11111111111111111111111111111111
11111111111111111111111111111111


