00000000011111111111000000000000
00000000011111111111000000000000
00000000011111111111000000000000
00000011111111111111111100000000
00000011111111111111111100000000
00111111111111101111111111100000
00111111111111101111111111100000
00111111100000000000001111111000
00111111100000000000001111111000
00111111100000000000001111111000
11111111000000000000000011111000
11111111000000000000000011111000
11111100000000000000000011111110
11111100000000000000000011111110
11111100000000000000000001111110
11111100000000000000000001111110
11111100000000000000000001111110
11111100000000000000000001111110
11111100000000000000000001111110
11111100000000000000000011111110
11111100000000000000000011111110
00111111000000000000000011111110
00111111000000000000000011111110
00111111100000000000001111111000
00111111100000000000001111111000
00111111100000000000001111111000
00001111111110000011111111100000
00001111111110000011111111100000
00000011111111111111111110000000
00000000111111111111111110000000
00000000000111111111110000000000
00000000000111111111110000000000
00000000000001111100000000000000
00000000000001111100000000000000
00000000000001111100000000000000
00000000000001111100000000000000
00000000000001111100000000000000
00000000000001111100000000000000
00000000000001111100000000000000
00000000000001111100000000000000
00000000000001111100000000000000
00000000000001111100000000000000
00000000000001111100000000000000
00000000000001111100000000000000
00000000000001111100000000000000
11111111111111111111111111111111
11111111111111111111111111111111
11111111111111111111111111111111


