11111111111111111111111000111111
11111111111111111111111000111111
11111111111111111111111000111111
11111111111111111111111000111111
11111111111111111111111000111111
11111111111111111111111000111111
00000000111111100000000000111111
00000000111111100000000000111111
00000000111111100000000000111111
00000000111111100000000000111111
00000000111111100000000000111111
00000000111111100000000000111111
00000000111111100000000000111111
00000000111111100000000000111111
00000000111111100000000000111111
00000000111111100000000000111111
00000000111111100000000000111111
00000000111111100000000000111111
00000000111111100000011111111111
00000000111111100000011111111111
00000000111111100000011111111111
00000000111111100000011111111111
00000000111111100000011111111111
00000000111111100000011111111111
00000000111111110000000000111111
00000000111111110000000000111111
00000001111111110000000000111111
00000001111111110000000000111111
00000001111111110000000000111111
00000001111111110000000000111111
00000001111111111100000000111111
00000001111111111100000000111111
00000111111111111111000000111111
00000111111111111111000000111111
00001111111101111111000000111111
00001111111101111111000000111111
00111111110000011111100000111111
00111111110000011111100000111111
11111111000000011111111000111111
11111111000000011111111000111111
11111110000000001111111000111111
11111110000000001111111000111111
11111110000000000011111000111111
11111110000000000011111000111111
00000000000000000000000000111111
00000000000000000000000000111111
00000000000000000000000000111111
00000000000000000000000000111111


