11111111111111111111111111111111
11111111111111111111111111111111
11111111111111111111111111111111
11111111111111111111111111111111
11111111111111111111111111111111
11111111111111111111111111111111
00000000000001111110000000000000
00000000000001111110000000000000
00000000000001111110000000000000
00000000000001111110000000000000
00000000000001111110000000000000
00000000000001111110000000000000
00000000000001111110000000000000
00000000000001111110000000000000
00000000000001111110000000000000
00000000000001111110000000000000
00000000000011111111000000000000
00000000000111111111100000000000
00000000001111111111100000000000
00000000011111111111110000000000
00000000011111101111110000000000
00000000111111000011111100000000
00000000111111000011111100000000
00000011111100000011111111100000
00011111111100000001111111110000
00011111111100000001111111110000
11111111111000000000001111111111
11111111111000000000001111111111
11111111000000000000000011111111
11111100000000111110000000011111
11111100000000111110000000011111
00000000000000111110000000000000
00000000000000111110000000000000
00000000000000111110000000000000
00000000000000111110000000000000
00000000000000111110000000000000
00000000000000111110000000000000
00000000000000111110000000000000
00000000000000111110000000000000
00000000000000111110000000000000
00000000000000111110000000000000
00000000000000111110000000000000
00000000000000111110000000000000
11111111111111111111111111111111
11111111111111111111111111111111
11111111111111111111111111111111
11111111111111111111111111111111
11111111111111111111111111111111


