00000000011110000000000000111111
00000000011110000000000000111111
00000000011110000000000000111111
00000000111111000000000000111111
00000000111111000000000000111111
11111111111111111111110000111111
11111111111111111111110000111111
11111111111111111111110000111111
11111111111111111111110000111111
11111111111111111111110000111111
11111111111111111111110000111111
00000111111111111000000000111111
00000111111111111000000000111111
00000111111111111110000000111111
00000111111111111110000000111111
00001111110000111111000000111111
00001111110000111111000000111111
00001111000000001111000000111111
00001111000000001111000000111111
00111111000000001111110000111111
00111111000000001111110000111111
00111110000000000111110000111111
00111110000000000111110000111111
00111110000000000111111111111111
00111110000000000111111111111111
00111110000000000111111111111111
00111110000000000111111111111111
00111110000000000111111111111111
00111110000000000111111111111111
00111110000000000111111111111111
00111110000000000111111000111111
00111110000000000111111000111111
00111110000000000111111000111111
00111110000000000111111000111111
00111111000000000111110000111111
00111111000000000111110000111111
00111111000000000111110000111111
00111111000000000111110000111111
00001111110000001111110000111111
00001111110000001111110000111111
00000111110000001111000000111111
00000111110000001111000000111111
00000111111111111111000000111111
00000111111111111111000000111111
00000001111111111110000000111111
00000001111111111110000000111111
00000000001111110000000000111111
00000000001111110000000000111111


