7


00111111111111111111111111110000
01111111111111111111111111110000
01111111111111111111111001111000
01110111011111111110101111111000
01111111110111111110110111111000
01111111111111111111111111111000
01111111100000000000000000000000
01111111000000000000000000000000
01111111000000000000000000000000
01111111000000000000000000000000
01111111000000000000000000000000
01111111000000000000000000000000
01111111000000000000000000000000
01111111000000000000000000000000
01111111000000000000000000000000
01111111000000000000000000000000
01111111000000000000000000000000
01111111000000000000000000000000
01111111111111111111111100000000
01111111111111111111111110000000
01111111111111111111111111000000
01111111111111111111111111110000
01111111111111111111111111111000
01111111111111000111111111111000
01111111100000000000001111111100
11111111000000000000000111111110
11111111000000000000000111111110
00000000000000000000000011111111
00000000000000000000000011111111
00000000000000000000000011111111
00000000000000000000000011111111
00000000000000000000000011111111
00000000000000000000000001111111
00000000000000000000000001111111
00000000000000000000000001111111
00000000000000000000000001111111
11111111000000000000000011111111
11111111000000000000000011111111
11111111000000000000000011111111
01111111000000000000000011111111
01111111100000000000000111111111
00111111110000000000001111111110
00011111111111000011111111111100
00011111111111111111111111111100
00001111111111111111111111111000
00000011111111111111111111100000
00000000111111111111111111000000
00000000011111111111111100000000


11111111111111111111111111111110
11111111111101111111111101001111
11111111111111111111000001111111
11111111111110111111000111111111
11111111111111111110000011111111
11111111111111111111111101111111
11111111111111111111111110111111
11111110000000000000000011011110
11101110000000000000000011111110
11111110000000000000000011011110
11111110000000000000000111011110
11111110000000000000000111011100
11111110000000000000000110011100
00000000000000000000000110111000
00000000000000000000001111111000
00000000000000000000001101111000
00000000000000000000011101110000
00000000000000000000011011110000
00000000000000000000011011100000
00000000000000000000111111100000
00000000000000000000111111100000
00000000000000000001111111100000
00000000000000000001111111000000
00000000000000000011111111000000
00000000000000000011111110000000
00000000000000000011111110000000
00000000000000000011111100000000
00000000000000000011111100000000
00000000000000000111111100000000
00000000000000000111111000000000
00000000000000001111111000000000
00000000000000001111111000000000
00000000000000011111111000000000
00000000000000011111110000000000
00000000000000011111110000000000
00000000000000111111100000000000
00000000000000111111100000000000
00000000000000111111100000000000
00000000000001111111000000000000
00000000000001111111000000000000
00000000000001111110000000000000
00000000000011111110000000000000
00000000000011111100000000000000
00000000000111111100000000000000
00000000000111111100000000000000
00000000001111111100000000000000
00000000001111111000000000000000
00000000001111111000000000000000


01111111111111111111111111111000
11111111111111111111111111111110
11111111111111111111111111111110
11111111111111111111111111111110
11111111111111111111111111111110
11111111111111111111111111111110
00011111111111111111111111111110
00000000000000000000000011111110
00000000000000000000000011111110
00000000000000000000000011111110
00000000000000000000000011111110
00000000000000000000000011111110
00000000000000000000000011111110
00000000000000000000000011111110
00000000000000000000000011111110
00000000000000000000000001111110
00000000000000000000000011111110
00000000000000000000000001111110
00000000000000000000000001111110
00000000011110100000000001111110
00000000111111100000000001111110
00000000111111100000000001111110
00000000011111100000000001111110
00000000011111100000000001111110
00000000011111100000000001111110
00000000011111100000000001111110
00000000011111100000000001111110
00000000011111100000000001111110
00000000011111110000000001111110
00000000011111110000000001111110
00000000011111110000000001111110
00000000011111110000000011111110
00000000011111110000000011111110
00000000011111110000000011111110
00000000011111110000000011111110
00000000011111110000000011111110
00000000011111110000000011111100
00000000011111110000000011111100
00000000011111110000000011111100
00000000011111110000000011111100
00000000011111110000000011111000
00000000011111110000000111111000
01111110111111110000001111111110
11111111111111111111111111111111
11111111111111111111111111111111
11111111111111111111111111111111
11111111111111111111111111111111
11111111111111111111111111111111


00000000000000000000000011111110
00000000000000000000000111111111
00000000000000000000000111111111
00000000000000000000011111111111
00000000000000000000011111111111
00000000000000000000111111111111
00000000000000000011111111111111
00000000000111111111111111111111
00111111111111111111111111111111
11111111111111111111111111111110
11111111111111111111111111111110
11111111111111111111111111111110
11111111111111111111111111111110
00000000000000000000111111111110
00000000000000000000011111111110
00000000000000000000011111111110
00000000000000000000011111111110
00000000000000000000011111111110
00000000000000000000011111111110
00000000000000000000011111111110
00000000000000000000011111111110
00000000000000000000011111111110
00000000000000000000011111111110
00000000000000000000011111111110
00000000000000000000011111111110
00000000000000000000011111111110
00000000000000000000011111111110
00000000000000000000011111111110
00000000000000000000011111111110
00000000000000000000011111111110
00000000000000000000011111111110
00000000000000000000011111111110
00000000000000000000011111111110
00000000000000000000111111111110
00000000000000000000011111111110
00000000000000000000011111111110
00000000000000000000011111111110
00000000000000000000111111111110
00000000000000000000111111111110
00000000000000000000111111111110
00000000000000000000111111111110
00000000000000000000111111111110
00000000000000000000111111111110
00000000000000000000111111111110
00000000000000000000111111111110
00000000000000000000111111111110
00000000000000000000111111111110
00000000000000000000111111111110


00000000000000001111000000000000
00000000000011111111111100000000
00000000001111111111111100000000
00000000111111111111111111000000
00000001111111111111111111110000
00000011111111111111111111111000
00000111111111111111111111111100
00001111111100000000000111111110
00001111111000000000000011111110
00011111110000000000000011111111
00111111100000000000000001111111
00111111100000000000000001111111
00111111100000000000000001111111
00111111000000000000000001111111
00111111000000000000000001111111
00111111000000000000000001111111
00111111100000000000000011111111
00111111100000000000000011111111
00011111110000000000000011111110
00001111111100000000001111111100
00001111111110000000011111111100
00000111111111110011111111111000
00000011111111111111111111110000
00000001111111111111111111100000
00000001111111111111111111100000
00000011111111111111111111110000
00001111111111111111111111111100
00011111111110000000111111111100
00011111111000000000001111111110
00111111100000000000000011111111
01111111000000000000000011111111
01111111000000000000000011111111
11111111000000000000000001111111
11111111000000000000000001111111
11111111000000000000000000111111
11111111000000000000000000111111
11111111000000000000000001111111
11111111000000000000000001111111
01111111000000000000000011111111
01111111000000000000000011111111
01111111100000000000000011111110
00111111111000000000011111111100
00011111111110000001111111111000
00001111111111111111111111110000
00000011111111111111111111100000
00000001111111111111111110000000
00000000111111111111111100000000
00000000011111111111111000000000


00000000000011111111111000000000
00000000000111111111111110000000
00000000011111111111111111000000
00000000111111111111111111110000
00000011111111111111111111111100
00000011111111111111111111111100
00000111111111000000011111111110
00001111111000000000000111111110
00011111111000000000000011111110
00011111111000000000000001111110
00011111110000000000000001111111
00111111100000000000000000111111
00111111100000000000000000111111
00111111100000000000000000111111
00111111100000000000000000111111
00111111100000000000000000111111
00111111100000000000000001111110
00111111110000000000000011111110
00011111111000000000000111111110
00011111111000000000001111111110
00001111111110000000011111111100
00000111111111111111111111111000
00000011111111111111111111110000
00000001111111111111111111100000
00000011111111111111111111110000
00000111111111111111111111111000
00001111111111111111111111111100
00111111111000000000001111111110
00111111110000000000000111111110
01111111100000000000000011111110
01111111100000000000000011111110
11111111000000000000000001111111
11111110000000000000000001111111
11111110000000000000000000111111
11111110000000000000000000111111
11111110000000000000000000111111
11111110000000000000000001111111
11111110000000000000000001111110
11111111000000000000000011111110
11111111000000000000000011111110
01111111100000000000000111111110
00111111111000000000011111111100
00111111111100000000111111111000
00011111111111111111111111110000
00000111111111111111111111000000
00000011111111111111111110000000
00000001111111111111111100000000
00000000001111111111100000000000


00000001111111111111111111111111
00000001111111111111111111111111
00000001111111111111111111111111
00000011111111111111111111111111
00000011111111111111111111111111
00000011111111111111111111111111
00000011111111000000000000000000
00000011111110000000000000000000
00000111111110000000000000000000
00000111111110000000000000000000
00000111111100000000000000000000
00000111111100000000000000000000
00000111111100000000000000000000
00000111111100000000000000000000
00000111111100000000000000000000
00001111111000000000000000000000
00001111111000000000000000000000
00001111111100001111100000000000
00001111111111111111111100000000
00011111111111111111111111110000
00011111111111111111111111111000
00011111111111111111111111111100
00011111111111111111111111111110
00011111111111000000011111111110
00011111111100000000000111111110
00011111111000000000000011111110
00111111100000000000000001111110
00001100000000000000000001111111
00000000000000000000000001111111
00000000000000000000000000111111
00000000000000000000000000111111
00000000000000000000000000111111
00000000000000000000000000111111
00000000000000000000000001111111
00000000000000000000000001111111
00000000000000000000000001111110
11111110000000000000000001111110
11111111000000000000000011111110
11111111000000000000000011111110
11111111000000000000000111111110
01111111100000000000001111111100
01111111111000000000111111111100
00111111111110000011111111111000
00111111111111111111111111111000
00001111111111111111111111100000
00000111111111111111111111000000
00000011111111111111111100000000
00000000111111111111110000000000
