00000001111111111111111111111111
00000001111111111111111111111111
00000001111111111111111111111111
00000011111111111111111111111111
00000011111111111111111111111111
00000011111111111111111111111111
00000011111111000000000000000000
00000011111110000000000000000000
00000111111110000000000000000000
00000111111110000000000000000000
00000111111100000000000000000000
00000111111100000000000000000000
00000111111100000000000000000000
00000111111100000000000000000000
00000111111100000000000000000000
00001111111000000000000000000000
00001111111000000000000000000000
00001111111100001111100000000000
00001111111111111111111100000000
00011111111111111111111111110000
00011111111111111111111111111000
00011111111111111111111111111100
00011111111111111111111111111110
00011111111111000000011111111110
00011111111100000000000111111110
00011111111000000000000011111110
00111111100000000000000001111110
00001100000000000000000001111111
00000000000000000000000001111111
00000000000000000000000000111111
00000000000000000000000000111111
00000000000000000000000000111111
00000000000000000000000000111111
00000000000000000000000001111111
00000000000000000000000001111111
00000000000000000000000001111110
11111110000000000000000001111110
11111111000000000000000011111110
11111111000000000000000011111110
11111111000000000000000111111110
01111111100000000000001111111100
01111111111000000000111111111100
00111111111110000011111111111000
00111111111111111111111111111000
00001111111111111111111111100000
00000111111111111111111111000000
00000011111111111111111100000000
00000000111111111111110000000000
