00111111111111111111111111110000
01111111111111111111111111110000
01111111111111111111111001111000
01110111011111111110101111111000
01111111110111111110110111111000
01111111111111111111111111111000
01111111100000000000000000000000
01111111000000000000000000000000
01111111000000000000000000000000
01111111000000000000000000000000
01111111000000000000000000000000
01111111000000000000000000000000
01111111000000000000000000000000
01111111000000000000000000000000
01111111000000000000000000000000
01111111000000000000000000000000
01111111000000000000000000000000
01111111000000000000000000000000
01111111111111111111111100000000
01111111111111111111111110000000
01111111111111111111111111000000
01111111111111111111111111110000
01111111111111111111111111111000
01111111111111000111111111111000
01111111100000000000001111111100
11111111000000000000000111111110
11111111000000000000000111111110
00000000000000000000000011111111
00000000000000000000000011111111
00000000000000000000000011111111
00000000000000000000000011111111
00000000000000000000000011111111
00000000000000000000000001111111
00000000000000000000000001111111
00000000000000000000000001111111
00000000000000000000000001111111
11111111000000000000000011111111
11111111000000000000000011111111
11111111000000000000000011111111
01111111000000000000000011111111
01111111100000000000000111111111
00111111110000000000001111111110
00011111111111000011111111111100
00011111111111111111111111111100
00001111111111111111111111111000
00000011111111111111111111100000
00000000111111111111111111000000
00000000011111111111111100000000
