01111111111111111111111111111000
11111111111111111111111111111110
11111111111111111111111111111110
11111111111111111111111111111110
11111111111111111111111111111110
11111111111111111111111111111110
00011111111111111111111111111110
00000000000000000000000011111110
00000000000000000000000011111110
00000000000000000000000011111110
00000000000000000000000011111110
00000000000000000000000011111110
00000000000000000000000011111110
00000000000000000000000011111110
00000000000000000000000011111110
00000000000000000000000001111110
00000000000000000000000011111110
00000000000000000000000001111110
00000000000000000000000001111110
00000000011110100000000001111110
00000000111111100000000001111110
00000000111111100000000001111110
00000000011111100000000001111110
00000000011111100000000001111110
00000000011111100000000001111110
00000000011111100000000001111110
00000000011111100000000001111110
00000000011111100000000001111110
00000000011111110000000001111110
00000000011111110000000001111110
00000000011111110000000001111110
00000000011111110000000011111110
00000000011111110000000011111110
00000000011111110000000011111110
00000000011111110000000011111110
00000000011111110000000011111110
00000000011111110000000011111100
00000000011111110000000011111100
00000000011111110000000011111100
00000000011111110000000011111100
00000000011111110000000011111000
00000000011111110000000111111000
01111110111111110000001111111110
11111111111111111111111111111111
11111111111111111111111111111111
11111111111111111111111111111111
11111111111111111111111111111111
11111111111111111111111111111111
