00000000000000000000000011111110
00000000000000000000000111111111
00000000000000000000000111111111
00000000000000000000011111111111
00000000000000000000011111111111
00000000000000000000111111111111
00000000000000000011111111111111
00000000000111111111111111111111
00111111111111111111111111111111
11111111111111111111111111111110
11111111111111111111111111111110
11111111111111111111111111111110
11111111111111111111111111111110
00000000000000000000111111111110
00000000000000000000011111111110
00000000000000000000011111111110
00000000000000000000011111111110
00000000000000000000011111111110
00000000000000000000011111111110
00000000000000000000011111111110
00000000000000000000011111111110
00000000000000000000011111111110
00000000000000000000011111111110
00000000000000000000011111111110
00000000000000000000011111111110
00000000000000000000011111111110
00000000000000000000011111111110
00000000000000000000011111111110
00000000000000000000011111111110
00000000000000000000011111111110
00000000000000000000011111111110
00000000000000000000011111111110
00000000000000000000011111111110
00000000000000000000111111111110
00000000000000000000011111111110
00000000000000000000011111111110
00000000000000000000011111111110
00000000000000000000111111111110
00000000000000000000111111111110
00000000000000000000111111111110
00000000000000000000111111111110
00000000000000000000111111111110
00000000000000000000111111111110
00000000000000000000111111111110
00000000000000000000111111111110
00000000000000000000111111111110
00000000000000000000111111111110
00000000000000000000111111111110
