11111111111111111111111111111110
11111111111101111111111101001111
11111111111111111111000001111111
11111111111110111111000111111111
11111111111111111110000011111111
11111111111111111111111101111111
11111111111111111111111110111111
11111110000000000000000011011110
11101110000000000000000011111110
11111110000000000000000011011110
11111110000000000000000111011110
11111110000000000000000111011100
11111110000000000000000110011100
00000000000000000000000110111000
00000000000000000000001111111000
00000000000000000000001101111000
00000000000000000000011101110000
00000000000000000000011011110000
00000000000000000000011011100000
00000000000000000000111111100000
00000000000000000000111111100000
00000000000000000001111111100000
00000000000000000001111111000000
00000000000000000011111111000000
00000000000000000011111110000000
00000000000000000011111110000000
00000000000000000011111100000000
00000000000000000011111100000000
00000000000000000111111100000000
00000000000000000111111000000000
00000000000000001111111000000000
00000000000000001111111000000000
00000000000000011111111000000000
00000000000000011111110000000000
00000000000000011111110000000000
00000000000000111111100000000000
00000000000000111111100000000000
00000000000000111111100000000000
00000000000001111111000000000000
00000000000001111111000000000000
00000000000001111110000000000000
00000000000011111110000000000000
00000000000011111100000000000000
00000000000111111100000000000000
00000000000111111100000000000000
00000000001111111100000000000000
00000000001111111000000000000000
00000000001111111000000000000000
