11110000000000111100000000001111
11110000000000111100000000001111
01110000000000111100000000001110
01110000000000111110000000001110
01110000000000111110000000001110
01110000000000111110000000001110
01111000000001111110000000001110
00111000000001111110000000001110
00111000000001111110000000001110
00111000000001110110000000011110
00111000000001110111000000011100
00111000000001110111000000011100
00111000000001100111000000011100
00111000000001100111000000011100
00111000000011100011000000011100
00111100000011100011100000011100
00011100000011100011100000011100
00011100000011000011100000011100
00011100000011000011100000111000
00011100000111000011100000111000
00011100000111000011100000111000
00001100000111000011100000111000
00001110000111000011100000111000
00001110000111000001110000110000
00001110000111000001110000110000
00001110000110000001110001110000
00001110000110000001110001110000
00001110001110000001110001110000
00001110001110000001110001110000
00001110001110000001110001110000
00000110001110000001110001110000
00000111001110000000110001110000
00000111001110000000111001100000
00000111001110000000111001100000
00000111001100000000111011100000
00000111011100000000111011100000
00000111011100000000011011100000
00000111011100000000011011100000
00000011011100000000011011100000
00000011011000000000011111000000
00000011011000000000011111000000
00000011111000000000011111000000
00000011111000000000011111000000
00000011111000000000011111000000
00000001111000000000001111000000
00000001111000000000001110000000
00000001111000000000001110000000
00000001110000000000001110000000
