11111110000000000000000000000000
11111110000000000000000000000000
11111110000000000000000000000000
11111110000000000000000000000000
11111110000000000000000000000000
11111110000000000000000000000000
11111110000000000000000000000000
11111110000000000000000000000000
11111110000000000000000000000000
11111110000000000000000000000000
11111110000000000000000000000000
11111110000000000000000000000000
11111110000000000000000000000000
11111110000000001111110000000000
11111110000111111111111111100000
11111110000111111111111111110000
11111110001111111111111111111000
11111110111111111111111111111110
11111111111111111111111111111110
11111111111111100000011111111110
11111111111000000000000111111110
11111111110000000000000011111110
11111111110000000000000001111111
11111111000000000000000001111111
11111111000000000000000000111111
11111110000000000000000000111111
11111110000000000000000000111111
11111110000000000000000000111111
11111110000000000000000000111111
11111110000000000000000000111111
11111110000000000000000000111111
11111110000000000000000000111111
11111110000000000000000000111111
11111110000000000000000000111111
11111110000000000000000000111111
11111110000000000000000000111111
11111110000000000000000000111111
11111110000000000000000000111111
11111110000000000000000000111111
11111110000000000000000000111111
11111110000000000000000000111111
11111110000000000000000000111111
11111110000000000000000000111111
11111110000000000000000000111111
11111110000000000000000000111111
11111110000000000000000000111111
11111110000000000000000000111111
11111110000000000000000000111111
