00000000000000011111100000000000
00000000000011111111111000000000
00000000001111111111111110000000
00000000111111111111111111100000
00000001111111111111111111110000
00000011111111111111111111111000
00000111111111100000111111111000
00000111111110000000001111111100
00001111111000000000000111111100
00011111110000000000000011111110
00011111110000000000000011111110
00011111100000000000000001111110
00011111100000000000000001111110
00111111000000000000000000100000
00111111000000000000000000000000
00111110000000000000000000000000
01111110000000000000000000000000
01111110000000011111100000000000
01111110000001111111111000000000
01111110001111111111111111000000
01111100011111111111111111100000
01111100111111111111111111111000
11111111111111111111111111111000
11111111111111100000111111111100
11111111111000000000000111111110
11111111110000000000000111111110
11111111100000000000000011111110
11111111100000000000000000111110
11111111000000000000000000111110
01111111000000000000000000111111
01111111000000000000000000111111
01111110000000000000000000111111
01111110000000000000000000111111
01111111000000000000000000111111
00111111000000000000000000111111
00111111000000000000000000111110
00111111100000000000000000111110
00011111100000000000000001111110
00011111100000000000000001111110
00011111110000000000000011111110
00011111111100000000000111111100
00001111111100000000001111111100
00000111111111111111111111111000
00000011111111111111111111111000
00000011111111111111111111110000
00000000011111111111111111000000
00000000011111111111111110000000
00000000000011111111111000000000
