11111111111111111111100000000000
01111111111111111111111000000000
01111111111111111111111110000000
01111111111111111111111111100000
01111111111111111111111111110000
01111111111111111111111111110000
01111100000000000000111111111000
01111100000000000000001111111000
01111100000000000000000111111100
01111100000000000000000011111100
01111100000000000000000011111100
01111100000000000000000011111100
01111100000000000000000001111100
01111100000000000000000001111100
01111100000000000000000001111100
01111100000000000000000011111100
01111100000000000000000011111100
01111100000000000000000011111000
01111100000000000000000111111000
01111100000000000000001111110000
01111111111111111111111111100000
01111111111111111111111111000000
01111111111111111111111110000000
01111111111111111111111111100000
01111111111111111111111111110000
01111111111111111111111111111100
01111100000000000000011111111100
01111100000000000000000111111100
01111100000000000000000011111111
01111100000000000000000001111111
01111100000000000000000000111111
01111100000000000000000000111111
01111100000000000000000000111111
01111100000000000000000000111111
01111100000000000000000000111111
01111100000000000000000000111111
01111100000000000000000000111111
01111100000000000000000000111111
01111100000000000000000000111111
01111100000000000000000011111111
01111100000000000000000011111110
01111100000000000000000111111110
01111111111111111111111111111100
01111111111111111111111111111100
01111111111111111111111111111000
01111111111111111111111111100000
01111111111111111111111111000000
01111111111111111111111100000000
