11111111111111111111111111111111
11111111111111111111111111111111
11111111111111111111111111111111
11111111111111111111111111111111
11111111111111111111111111111111
11111111111111111111111111111111
00000000000000000000000011111110
00000000000000000000000111111100
00000000000000000000000111111100
00000000000000000000001111110000
00000000000000000000011111110000
00000000000000000000011111110000
00000000000000000001111111000000
00000000000000000001111111000000
00000000000000000001111110000000
00000000000000000011111110000000
00000000000000000111111100000000
00000000000000000111111100000000
00000000000000001111111000000000
00000000000000001111110000000000
00000000000000001111110000000000
00000000000000011111100000000000
00000000000000111111100000000000
00000000000000111111000000000000
00000000000001111110000000000000
00000000000001111110000000000000
00000000000001111110000000000000
00000000000011111110000000000000
00000000000011111100000000000000
00000000000111111100000000000000
00000000000111111000000000000000
00000000000111111000000000000000
00000000001111111000000000000000
00000000001111110000000000000000
00000000001111110000000000000000
00000000001111110000000000000000
00000000001111110000000000000000
00000000011111100000000000000000
00000000011111100000000000000000
00000000011111100000000000000000
00000000111111100000000000000000
00000000111111000000000000000000
00000000111111000000000000000000
00000000111111000000000000000000
00000000111111000000000000000000
00000000111111000000000000000000
00000001111110000000000000000000
00000001111110000000000000000000
