11111100000000000000000000011111
11111110000000000000000000011111
11111110000000000000000000011111
11111111000000000000000000011111
11111111000000000000000000011111
11111111100000000000000000011111
11111111100000000000000000011111
11111111110000000000000000011111
11111111110000000000000000011111
11111111111000000000000000011111
11111111111100000000000000011111
11111111111100000000000000011111
11111001111110000000000000011111
11111001111110000000000000011111
11111000111111000000000000011111
11111000111111000000000000011111
11111000011111100000000000011111
11111000011111100000000000011111
11111000001111110000000000011111
11111000001111111000000000011111
11111000000111111000000000011111
11111000000011111100000000011111
11111000000011111100000000011111
11111000000001111100000000011111
11111000000001111110000000011111
11111000000000111111000000011111
11111000000000111111000000011111
11111000000000011111100000011111
11111000000000011111110000011111
11111000000000001111110000011111
11111000000000000111110000011111
11111000000000000111111000011111
11111000000000000011111000011111
11111000000000000011111100011111
11111000000000000001111110011111
11111000000000000001111110011111
11111000000000000000111111011111
11111000000000000000111111111111
11111000000000000000011111111111
11111000000000000000001111111111
11111000000000000000001111111111
11111000000000000000000111111111
11111000000000000000000111111111
11111000000000000000000111111111
11111000000000000000000011111111
11111000000000000000000001111111
11111000000000000000000001111111
11111000000000000000000000111111
