11111110000000000000000000111111
11111110000000000000000000111111
11111110000000000000000000111111
11111111000000000000000001111111
11111111000000000000000001111111
11111111000000000000000001111111
11111111000000000000000001111111
11111111100000000000000011111111
11111111100000000000000011111111
11111111100000000000000011101111
11111111100000000000000011101111
11111111100000000000000011101111
11111011110000000000000111101111
11111011110000000000000111001111
11111011110000000000000111001111
11111011110000000000000111001111
11111001111000000000001111001111
11111001111000000000001110001111
11111001111000000000001110001111
11111001111000000000001110001111
11111000111100000000011110001111
11111000111100000000011110001111
11111000111100000000011100001111
11111000111100000000011100001111
11111000011100000000111100001111
11111000011110000000111100001111
11111000011110000000111000001111
11111000011110000000111000001111
11111000001110000001111000001111
11111000001111000001111000001111
11111000001111000001111000001111
11111000001111000001110000001111
11111000001111000001110000001111
11111000000111000011110000001111
11111000000111100011110000001111
11111000000111100011100000001111
11111000000111100011100000001111
11111000000011100111100000001111
11111000000011110111100000001111
11111000000011110111000000001111
11111000000011111111000000001111
11111000000011111111000000001111
11111000000001111111000000001111
11111000000001111111000000001111
11111000000001111110000000001111
11111000000001111110000000001111
11111000000000111110000000001111
11111000000000111110000000001111
