00000000000000111110000000000000
00000000000111111111100000000000
00000000001111111111111000000000
00000000111111111111111110000000
00000001111111111111111110000000
00000011111111111111111111100000
00000011111111000001111111100000
00000111111100000000111111110000
00001111110000000000001111110000
00001111110000000000000111111000
00011111000000000000000011111000
00011111000000000000000001111100
00011111000000000000000001111100
00111110000000000000000000111100
00111110000000000000000000111110
00111100000000000000000000111110
00111100000000000000000000111110
01111100000000000000000000011110
01111100000000000000000000011110
01111100000000000000000000011110
01111000000000000000000000011111
01111000000000000000000000011111
11111000000000000000000000011111
11111000000000000000000000011111
11111000000000000000000000011111
11111000000000000000000000011111
11111000000000000000000000011111
11111000000000000000000000011111
01111000000000000000000000011111
01111100000000000000000000011110
01111100000000000000000000011110
01111100000000000000000000011110
00111100000000000000000000011110
00111100000000000000000000111110
00111110000000000000000000111110
00011110000000000000000001111100
00011111000000000000000001111100
00011111000000000000000001111100
00001111100000000000000011111000
00001111110000000000000111111000
00000111111000000000001111110000
00000111111100000000011111110000
00000011111111000001111111100000
00000001111111111111111111000000
00000001111111111111111110000000
00000000011111111111111100000000
00000000001111111111111000000000
00000000000011111111100000000000
