00000000000001111111000000000000
00000000001111111111111000000000
00000000011111111111111100000000
00000011111111111111111111100000
00000111111111111111111111100000
00001111111111111111111111110000
00001111111110000000111111111000
00001111111000000000001111111100
00011111100000000000000011111100
00111111100000000000000011111100
00111110000000000000000001111110
00111110000000000000000001111110
00111110000000000000000000111110
00111110000000000000000000111110
00111110000000000000000000000000
00111111000000000000000000000000
00111111100000000000000000000000
00011111100000000000000000000000
00011111111000000000000000000000
00001111111111000000000000000000
00000111111111111100000000000000
00000111111111111111100000000000
00000011111111111111111000000000
00000000011111111111111111100000
00000000001111111111111111100000
00000000000000111111111111111000
00000000000000000111111111111100
00000000000000000001111111111100
00000000000000000000000111111110
00000000000000000000000011111110
00000000000000000000000000111111
00000000000000000000000000011111
11111000000000000000000000011111
11111100000000000000000000011111
11111100000000000000000000011111
01111100000000000000000000011111
01111110000000000000000000011111
01111110000000000000000000011111
00111111000000000000000000111110
00111111100000000000000001111110
00011111110000000000000011111110
00011111111100000000000111111100
00001111111111000000111111111100
00000111111111111111111111111000
00000111111111111111111111110000
00000001111111111111111111100000
00000000011111111111111110000000
00000000001111111111111000000000
