00000011111111111111111111111100
00000011111111111111111111111100
00000011111111111111111111111100
00000011111111111111111111111100
00000111111111111111111111111100
00000111111111111111111111111100
00000111111000000000000000000000
00000111110000000000000000000000
00001111110000000000000000000000
00001111110000000000000000000000
00001111110000000000000000000000
00001111110000000000000000000000
00001111110000000000000000000000
00001111110000000000000000000000
00001111100000000000000000000000
00001111100000000000000000000000
00011111100000111111000000000000
00011111101111111111111110000000
00011111001111111111111111000000
00011111111111111111111111100000
00111111111111111111111111110000
00111111111111111111111111111000
00111111111110000001111111111100
01111111100000000000001111111110
01111111000000000000000111111110
00000000000000000000000001111110
00000000000000000000000001111111
00000000000000000000000001111111
00000000000000000000000000111111
00000000000000000000000000111111
00000000000000000000000000111111
00000000000000000000000000111111
00000000000000000000000000111111
00000000000000000000000000111111
00001110000000000000000000111111
11111110000000000000000001111111
11111110000000000000000001111110
11111110000000000000000001111110
01111111000000000000000001111110
01111111100000000000000111111110
00111111110000000000001111111100
00111111111000000000011111111100
00001111111111111111111111110000
00001111111111111111111111110000
00000111111111111111111111100000
00000001111111111111111110000000
00000000111111111111111100000000
00000000011111111111110000000000
