00000000000000000000000001111111
00000000000000000000000000111111
00000000000000000000000000111111
00000000000000000000000000111111
00000000000000000000000000111111
00000000000000000000000000111111
00000000000000000000000000111111
00000000000000000000000000111111
00000000000000000000000000111111
00000000000000000000000000111111
00000000000000000000000000111111
00000000000000000000000000111111
00000000000000000000000000111111
00000000000001111100000000111111
00000000111111111111110000111111
00000001111111111111111000111111
00000111111111111111111110111111
00001111111111111111111110111111
00001111111111111111111111111111
00011111111100000000011111111111
00011111111000000000001111111111
00111111100000000000000011111111
00111111100000000000000001111111
01111111000000000000000001111111
01111110000000000000000001111111
01111110000000000000000000111111
01111110000000000000000000111111
11111110000000000000000000111111
11111110000000000000000000111111
11111110000000000000000000111111
11111110000000000000000000011111
11111110000000000000000000011111
11111110000000000000000000111111
11111110000000000000000000111111
01111110000000000000000000111111
01111110000000000000000000111111
01111110000000000000000001111111
00111111000000000000000001111111
00111111100000000000000001111111
00111111110000000000000011111111
00011111111000000000001111111111
00001111111100000000011111111111
00001111111111111111111111111111
00000111111111111111111110111111
00000011111111111111111110111111
00000001111111111111111000111111
00000000011111111111110000111111
00000000000111111111100000111111
