00000000000000000001000000000000
00000000000000001111000000000000
00000000000000011111000000000000
00000000011111111111000000000000
00000000011111111111000000000000
00000000011111111111000000000000
00000000011111111111000000000000
00000000011111111111000000000000
00000000011111111111000000000000
00000000011111111111000000000000
00000000011111111111000000000000
00000000011111111111000000000000
00111111111111111111111111111111
00111111111111111111111111111111
00111111111111111111111111111111
00111111111111111111111111111111
00111111111111111111111111111111
00111111111111111111111111111111
00000000011111111111000000000000
00000000011111111111000000000000
00000000011111111111000000000000
00000000011111111111000000000000
00000000011111111111000000000000
00000000011111111111000000000000
00000000011111111111000000000000
00000000011111111111000000000000
00000000011111111111000000000000
00000000011111111111000000000000
00000000011111111111000000000000
00000000011111111111000000000000
00000000011111111111000000000000
00000000011111111111000000000000
00000000011111111111000000000000
00000000011111111111000000000000
00000000011111111111000000000000
00000000011111111111000000000000
00000000011111111111000000000000
00000000011111111111000000000000
00000000011111111111000000000000
00000000011111111111000000000000
00000000011111111111110000000000
00000000011111111111110000000000
00000000001111111111111111111111
00000000001111111111111111111111
00000000001111111111111111111111
00000000000011111111111111111111
00000000000001111111111111111111
00000000000000011111111111111111
