01111110000000000000000000000000
11111110000000000000000000000000
01111110000000000000000000000000
01111110000000000000000000000000
01111110000000000000000000000000
01111110000000000000000000000000
01111110000000000000000000000000
01111110000000000000000000000000
01111110000000000000000000000000
01111110000000000000000000000000
01111110000000000000000000000000
01111110000000000000000000000000
01111110000000000000000000000000
01111110000000000000000000000000
01111110000000000000000000000000
01111110000000000000000000000000
01111110000000000000000000000000
01111110000000000000000000000000
01111110000000000000000000000000
01111110000000000000000000000000
01111110000000000000000000000000
01111110000000000000000000000000
01111110000000000000000000000000
01111110000000000000000000000000
01111110000000000000000000000000
01111110000000000000000000000000
01111110000000000000000000000000
01111110000000000000000000000000
01111110000000000000000000000000
01111110000000000000000000000000
01111110000000000000000000000000
01111110000000000000000000000000
01111110000000000000000000000000
01111110000000000000000000000000
01111110000000000000000000000000
01111110000000000000000000000000
01111110000000000000000000000000
01111110000000000000000000000000
01111110000000000000000000000000
01111110000000000000000000000000
01111110000000000000000000000000
01111110000000000000000000000000
01111111111111111111111111111111
01111111111111111111111111111111
01111111111111111111111111111111
01111111111111111111111111111111
01111111111111111111111111111111
01111111111111111111111111111111
