00000000000000111100000000000000
00000000000001111100000000000000
00000000000001111100000000000000
00000000000001111110000000000000
00000000000001111110000000000000
00000000000011111110000000000000
00000000000011111111000000000000
00000000000011111111000000000000
00000000000011101111000000000000
00000000000111101111100000000000
00000000000111100111100000000000
00000000001111100111100000000000
00000000001111100111110000000000
00000000001111000111110000000000
00000000011111000011110000000000
00000000011111000011111000000000
00000000011111000011111000000000
00000000011110000001111000000000
00000000111110000001111000000000
00000000111110000001111100000000
00000000111110000001111100000000
00000000111100000001111100000000
00000000111100000000111110000000
00000001111100000000111110000000
00000001111100000000111110000000
00000001111000000000011111000000
00000011111000000000011111000000
00000011110000000000011111000000
00000011111111111111111111000000
00000011111111111111111111100000
00000111111111111111111111100000
00000111111111111111111111100000
00000111111111111111111111100000
00000111111111111111111111110000
00001111100000000000000111110000
00001111000000000000000011110000
00001111000000000000000011111000
00011111000000000000000011111000
00011111000000000000000011111000
00011110000000000000000001111100
00011110000000000000000001111100
00111110000000000000000001111100
00111100000000000000000000111100
00111100000000000000000000111110
00111100000000000000000000111110
01111100000000000000000000111111
01111100000000000000000000011111
11111000000000000000000000011111
