00000000000001111111100000000000
00000000011111111111111100000000
00000000111111111111111111000000
00000011111111111111111111100000
00000011111111111111111111110000
00000111111111111111111111111000
00001111111111111111111111111000
00011111111111111111111111111000
00011111111110000000111111111100
00011111111000000000001111111100
00011111100000000000000111111100
00111111100000000000000011111100
00111111000000000000000011111100
00111111000000000000000001111110
00000110000000000000000001111110
00000000000000000000000001111110
00000000000000000000000001111110
00000000000000000000000001111110
00000000000000000000000111111110
00000000000000000000011111111110
00000000000000001111111111111110
00000000000111111111111111111110
00000000111111111111111111111110
00000011111111111111111111111110
00000111111111111111111111111110
00001111111111111111111111111110
00011111111111111111111001111110
00011111111111111111000001111110
00111111111111100000000001111110
00111111111000000000000001111110
01111111100000000000000001111110
01111111000000000000000001111110
01111110000000000000000011111110
11111110000000000000000011111110
11111110000000000000000011111110
11111110000000000000000111111110
11111110000000000000000111111110
11111110000000000000001111111110
01111111000000000000111111111110
01111111100000000000111111111110
01111111111000000111111111111110
00111111111111111111111111111110
00111111111111111111111111111110
00011111111111111111111100111110
00011111111111111111111000111110
00001111111111111111110000111110
00000111111111111111000000111111
00000011111111111110000000111111
