11111111111111111111100000000000
11111111111111111111111100000000
11111111111111111111111110000000
11111111111111111111111111000000
11111111111111111111111111100000
11111111111111111111111111110000
11111100000000000000111111110000
11111100000000000000001111111000
11111100000000000000001111111000
11111100000000000000000011111000
11111100000000000000000011111000
11111100000000000000000011111000
11111100000000000000000001111100
11111100000000000000000001111100
11111100000000000000000001111100
11111100000000000000000011111000
11111100000000000000000011111000
11111100000000000000000011111000
11111100000000000000000111111000
11111100000000000000001111111000
11111100000000000000111111110000
11111111111111111111111111110000
11111111111111111111111111100000
11111111111111111111111110000000
11111111111111111111111100000000
11111111111111111111100000000000
11111111111111111111000000000000
11111100000000111111100000000000
11111100000000001111110000000000
11111100000000000111111000000000
11111100000000000111111100000000
11111100000000000001111100000000
11111100000000000001111110000000
11111100000000000001111110000000
11111100000000000000111111000000
11111100000000000000111111000000
11111100000000000000011111100000
11111100000000000000011111110000
11111100000000000000001111110000
11111100000000000000001111111000
11111100000000000000000111111000
11111100000000000000000111111000
11111100000000000000000011111100
11111100000000000000000011111100
11111100000000000000000001111100
11111100000000000000000001111110
11111100000000000000000000111111
11111100000000000000000000111111
