11111100000000000000000000011111
11111100000000000000000000011111
11111100000000000000000000011111
11111100000000000000000000011111
11111100000000000000000000011111
11111100000000000000000000011111
11111100000000000000000000011111
11111100000000000000000000011111
11111100000000000000000000011111
11111100000000000000000000011111
11111100000000000000000000011111
11111100000000000000000000011111
11111100000000000000000000011111
11111100000000000000000000011111
11111100000000000000000000011111
11111100000000000000000000011111
11111100000000000000000000011111
11111100000000000000000000011111
11111100000000000000000000011111
11111100000000000000000000011111
11111100000000000000000000011111
11111100000000000000000000011111
11111100000000000000000000011111
11111100000000000000000000011111
11111100000000000000000000011111
11111100000000000000000000011111
11111100000000000000000000011111
11111100000000000000000000011111
11111100000000000000000000011111
11111100000000000000000000011111
11111100000000000000000000011111
11111100000000000000000000011111
11111100000000000000000000011110
01111100000000000000000000011110
01111110000000000000000000111110
01111110000000000000000000111110
01111110000000000000000000111110
00111110000000000000000001111110
00111111000000000000000001111110
00111111000000000000000011111100
00111111110000000000000111111100
00011111111000000000001111111100
00001111111111111111111111110000
00001111111111111111111111110000
00000111111111111111111111100000
00000001111111111111111111000000
00000000111111111111111110000000
00000000001111111111111000000000
