00000000011110000000000111100000
11110001111111000000011111110000
11110001111111100000111111111000
11110011111111110000111111111100
11110111111111110001111111111100
11110111111111111001111111111110
11110111111111111011111111111110
11111111111111111011111111111110
11111111000011111011110001111110
11111110000011111111100000111110
11111100000001111111000000011111
11111100000001111111000000011111
11111000000000111110000000011111
11111000000000111110000000001111
11111000000000111110000000001111
11111000000000111100000000001111
11111000000000111100000000001111
11110000000000111100000000001111
11110000000000111100000000001111
11110000000000111100000000001111
11110000000000111100000000001111
11110000000000111100000000001111
11110000000000111100000000001111
11110000000000111100000000001111
11110000000000111100000000001111
11110000000000111100000000001111
11110000000000111100000000001111
11110000000000111100000000001111
11110000000000111100000000001111
11110000000000111100000000001111
11110000000000111100000000001111
11110000000000111100000000001111
11110000000000111100000000001111
11110000000000111100000000001111
11110000000000111100000000001111
11110000000000111100000000001111
11110000000000111100000000001111
11110000000000111100000000001111
11110000000000111100000000001111
11110000000000111100000000001111
11110000000000111100000000001111
11110000000000111100000000001111
11110000000000111100000000001111
11110000000000111100000000001111
11110000000000111100000000001111
11110000000000111100000000001111
11110000000000111100000000001111
11110000000000111100000000001111
