00000000000001111111000000000000
00000000000111111111111100000000
00000000111111111111111110000000
00000000111111111111111111100000
00000011111111111111111111110000
00000111111111111111111111110000
00001111111111111111111111111000
00001111111111111111111111111000
00001111111111000000111111111100
00011111111100000000001111111110
00011111111000000000000111111110
00111111110000000000000011111110
00111111100000000000000011111111
01111111000000000000000001111111
01111111000000000000000001111111
01111111000000000000000001110000
11111111000000000000000000000000
11111110000000000000000000000000
11111110000000000000000000000000
11111110000000000000000000000000
11111110000000000000000000000000
11111110000000000000000000000000
11111110000000000000000000000000
11111110000000000000000000000000
11111110000000000000000000000000
11111110000000000000000000000000
11111110000000000000000000000000
11111110000000000000000000000000
11111110000000000000000000000000
11111110000000000000000000000000
11111110000000000000000000000000
11111110000000000000000000110000
11111111000000000000000000111111
01111111000000000000000000111111
01111111000000000000000001111111
01111111000000000000000001111111
00111111100000000000000011111111
00111111110000000000000011111111
00111111111000000000000111111110
00011111111100000000001111111110
00001111111111000000111111111100
00001111111111111111111111111100
00001111111111111111111111111000
00000111111111111111111111110000
00000011111111111111111111110000
00000000111111111111111111000000
00000000111111111111111110000000
00000000000111111111111100000000
