11111000000000000000000011111110
11111000000000000000000011111100
11111000000000000000000111111100
11111000000000000000001111111000
11111000000000000000011111110000
11111000000000000000011111100000
11111000000000000000111111000000
11111000000000000001111111000000
11111000000000000011111110000000
11111000000000000111111100000000
11111000000000000111111000000000
11111000000000001111111000000000
11111000000000011111100000000000
11111000000000111111100000000000
11111000000001111111000000000000
11111000000011111110000000000000
11111000000011111100000000000000
11111000000111111000000000000000
11111000001111110000000000000000
11111000011111100000000000000000
11111000111111100000000000000000
11111000111111110000000000000000
11111001111111111000000000000000
11111111111111111000000000000000
11111111111011111100000000000000
11111111110011111100000000000000
11111111100001111110000000000000
11111111100001111111000000000000
11111111000000111111000000000000
11111110000000011111100000000000
11111100000000011111100000000000
11111000000000001111110000000000
11111000000000000111111000000000
11111000000000000111111000000000
11111000000000000011111100000000
11111000000000000011111100000000
11111000000000000001111111000000
11111000000000000001111111000000
11111000000000000000111111000000
11111000000000000000111111100000
11111000000000000000011111100000
11111000000000000000011111110000
11111000000000000000001111111000
11111000000000000000000111111000
11111000000000000000000111111100
11111000000000000000000011111100
11111000000000000000000011111110
11111000000000000000000001111111
