11111111111111111111100000000000
11111111111111111111111110000000
11111111111111111111111111000000
11111111111111111111111111110000
11111111111111111111111111111000
11111111111111111111111111111100
11111100000000000000011111111100
11111100000000000000000111111110
11111100000000000000000011111110
11111100000000000000000001111111
11111100000000000000000000111111
11111100000000000000000000111111
11111100000000000000000000111111
11111100000000000000000000111111
11111100000000000000000000111111
11111100000000000000000000111111
11111100000000000000000000111111
11111100000000000000000000111111
11111100000000000000000000111111
11111100000000000000000000111111
11111100000000000000000011111110
11111100000000000000000011111110
11111100000000000000001111111110
11111111111111111111111111111100
11111111111111111111111111111100
11111111111111111111111111110000
11111111111111111111111111100000
11111111111111111111111111000000
11111111111111111111110000000000
11111100000000000000000000000000
11111100000000000000000000000000
11111100000000000000000000000000
11111100000000000000000000000000
11111100000000000000000000000000
11111100000000000000000000000000
11111100000000000000000000000000
11111100000000000000000000000000
11111100000000000000000000000000
11111100000000000000000000000000
11111100000000000000000000000000
11111100000000000000000000000000
11111100000000000000000000000000
11111100000000000000000000000000
11111100000000000000000000000000
11111100000000000000000000000000
11111100000000000000000000000000
11111100000000000000000000000000
11111100000000000000000000000000
