00000000000000000000011111000000
00000000000000000000111111000000
00000000000000000000111111000000
00000000000000000001111111000000
00000000000000000001111111000000
00000000000000000011111111000000
00000000000000000111111111000000
00000000000000000111111111000000
00000000000000001111111111000000
00000000000000011111111111000000
00000000000000011111111111000000
00000000000000111111111111000000
00000000000001111100111111000000
00000000000011111100111111000000
00000000000011111000111111000000
00000000000111110000111111000000
00000000001111110000111111000000
00000000001111100000111111000000
00000000011111100000111111000000
00000000111111000000111111000000
00000000111110000000111111000000
00000001111100000000111111000000
00000011111100000000111111000000
00000011111000000000111111000000
00000111110000000000111111000000
00000111110000000000111111000000
00001111110000000000111111000000
00011111000000000000111111000000
00011111000000000000111111000000
00111111000000000000111111000000
11111100000000000000111111000000
11111111111111111111111111111111
11111111111111111111111111111111
11111111111111111111111111111111
11111111111111111111111111111111
11111111111111111111111111111111
11111111111111111111111111111111
00000000000000000000111111000000
00000000000000000000111111000000
00000000000000000000111111000000
00000000000000000000111111000000
00000000000000000000111111000000
00000000000000000000111111000000
00000000000000000000111111000000
00000000000000000000111111000000
00000000000000000000111111000000
00000000000000000000111111000000
00000000000000000000111111000000
