00000000000000000000000001111111
00000000000000000000000001111111
00000000000000000000000111111111
00000000000000000000011111111111
00000000000000000001111111111111
00000000000000000001111111111111
00000000000000011111111111111111
00000000000000111111111111111111
00000000000001111111111111111111
00000000011111111111111111111111
00000001111111111111111111111111
00000111111111111111111111111111
11111111111111111100001111111111
11111111111111111000001111111111
11111111111110000000001111111111
11111111110000000000001111111111
11111110000000000000001111111111
11000000000000000000001111111111
00000000000000000000001111111111
00000000000000000000001111111111
00000000000000000000001111111111
00000000000000000000001111111111
00000000000000000000001111111111
00000000000000000000001111111111
00000000000000000000001111111111
00000000000000000000001111111111
00000000000000000000001111111111
00000000000000000000001111111111
00000000000000000000001111111111
00000000000000000000001111111111
00000000000000000000001111111111
00000000000000000000001111111111
00000000000000000000001111111111
00000000000000000000001111111111
00000000000000000000001111111111
00000000000000000000001111111111
00000000000000000000001111111111
00000000000000000000001111111111
00000000000000000000001111111111
00000000000000000000001111111111
00000000000000000000001111111111
00000000000000000000001111111111
00000000000000000000001111111111
00000000000000000000011111111111
00000000000000000000001111111111
00000000000000000000001111111111
00000000000000000000011111111111
00000000000000000000001111111111
