01111111100000000000000011111110
01111111100000000000000011111110
00111111100000000000000111111110
00011111100000000000000111111100
00011111110000000000000111111100
00011111111000000000001111111000
00001111111000000000001111111000
00000111111100000000011111110000
00000111111100000000111111110000
00000011111100000000111111100000
00000011111110000000111111000000
00000011111111000001111111000000
00000001111111000011111111000000
00000000111111100011111110000000
00000000111111100111111110000000
00000000011111100111111100000000
00000000011111110111111000000000
00000000011111111111111000000000
00000000001111111111111000000000
00000000000111111111110000000000
00000000000111111111100000000000
00000000000011111111100000000000
00000000000011111111000000000000
00000000000001111111000000000000
00000000000011111111000000000000
00000000000011111111100000000000
00000000000011111111100000000000
00000000000111111111110000000000
00000000001111111111111000000000
00000000011111111111111000000000
00000000011111110111111000000000
00000000011111110111111100000000
00000000011111100011111100000000
00000000111111100011111110000000
00000001111111100001111111000000
00000011111111000001111111000000
00000011111110000000111111000000
00000011111100000000111111100000
00000111111100000000111111110000
00000111111100000000011111110000
00001111111000000000001111111000
00011111111000000000001111111000
00011111110000000000000111111000
00011111100000000000000111111100
00111111100000000000000111111110
01111111100000000000000011111110
01111111000000000000000001111110
11111111000000000000000001111111
