00000000000000011111010000000000
00000000000011111111111000000000
00000000001111111111111100000000
00000000111111111111111111000000
00000000111111111111111111100000
00000011111111111111111111110000
00000111111111100000111111111000
00000111111110000000001111111000
00001111110000000000000011111100
00001111110000000000000011111100
00011111100000000000000001111110
00011111000000000000000001111110
00011111000000000000000000111111
00111110000000000000000000011111
00111110000000000000000000011111
00111110000000000000000000000000
00111110000000000000000000000000
01111110000000000000000000000000
01111100000000000000000000000000
01111100000000000000000000000000
01111100000000000000000000000000
11111000000000000000000000000000
01111000000000000000000000000000
01111000000000000000000000000000
01111000000000000000000000000000
01111000000000000000000000000000
01111000000000000000000000000000
01111000000000000000000000000000
01111100000000000000000000000000
01111100000000000000000000000000
01111100000000000000000000000000
00111110000000000000000000001000
00111110000000000000000000001110
00111110000000000000000000011111
00111110000000000000000000011111
00011111000000000000000000011111
00011111000000000000000000111111
00011111000000000000000001111110
00011111100000000000000001111100
00001111110000000000000011111100
00001111111100000000000111111000
00000111111110000000001111111000
00000111111111100000111111111000
00000001111111111111111111110000
00000001111111111111111111100000
00000000011111111111111110000000
00000000001111111111111100000000
00000000000011111111111000000000
