11111100000000000000000000011111
11111100000000000000000000011111
11111100000000000000000000011111
11111100000000000000000000011111
11111100000000000000000000011111
11111100000000000000000000011111
11111100000000000000000000011111
11111100000000000000000000011111
11111100000000000000000000011111
11111100000000000000000000011111
11111100000000000000000000011111
11111100000000000000000000011111
11111100000000000000000000011111
11111100000000000000000000011111
11111100000000000000000000011111
11111100000000000000000000011111
11111100000000000000000000011111
11111100000000000000000000011111
11111100000000000000000000011111
11111100000000000000000000011111
11111111111111111111111111111111
11111111111111111111111111111111
11111111111111111111111111111111
11111111111111111111111111111111
11111111111111111111111111111111
11111100000000000000000000011111
11111100000000000000000000011111
11111100000000000000000000011111
11111100000000000000000000011111
11111100000000000000000000011111
11111100000000000000000000011111
11111100000000000000000000011111
11111100000000000000000000011111
11111100000000000000000000011111
11111100000000000000000000011111
11111100000000000000000000011111
11111100000000000000000000011111
11111100000000000000000000011111
11111100000000000000000000011111
11111100000000000000000000011111
11111100000000000000000000011111
11111100000000000000000000011111
11111100000000000000000000011111
11111100000000000000000000011111
11111100000000000000000000011111
11111100000000000000000000011111
11111100000000000000000000011111
11111100000000000000000000011111
