11111110000000000000000000000000
11111110000000000000000000000000
11111110000000000000000000000000
11111110000000000000000000000000
11111110000000000000000000000000
11111110000000000000000000000000
11111110000000000000000000000000
11111110000000000000000000000000
11111110000000000000000000000000
11111110000000000000000000000000
11111110000000000000000000000000
11111110000000000000000000000000
11111110000000000000000000000000
11111110000000000000000000000000
11111110000000000000011111111100
11111110000000000000011111111000
11111110000000000000111111110000
11111110000000000011111111000000
11111110000000000111111111000000
11111110000000001111111110000000
11111110000000011111111000000000
11111110000000111111110000000000
11111110000001111111100000000000
11111110000011111111000000000000
11111110000111111110000000000000
11111110001111111000000000000000
11111110011111110000000000000000
11111111111111110000000000000000
11111111111111111100000000000000
11111111111111111110000000000000
11111111111111111110000000000000
11111111111011111111000000000000
11111111110001111111100000000000
11111111100000111111100000000000
11111110000000011111110000000000
11111110000000001111111000000000
11111110000000001111111100000000
11111110000000001111111110000000
11111110000000000111111111000000
11111110000000000011111111000000
11111110000000000001111111000000
11111110000000000000111111100000
11111110000000000000011111111000
11111110000000000000011111111000
11111110000000000000011111111100
11111110000000000000000111111110
11111110000000000000000111111110
11111110000000000000000011111111
