00000000000000000000000011111111
00000000000000000000000001111111
00000000000000000000000001111111
00000000000000000000000001111111
00000000000000000000000001111111
00000000000000000000000001111111
00000000000000000000000001111111
00000000000000000000000001111111
00000000000000000000000001111111
00000000000000000000000001111111
00000000000000000000000001111111
00000000000000000000000001111111
00000000000000000000000001111111
00000000000000000000000001111111
00000000000000000000000001111111
00000000000000000000000001111111
00000000000000000000000001111111
00000000000000000000000001111111
00000000000000000000000001111111
00000000000000000000000001111111
00000000000000000000000001111111
00000000000000000000000001111111
00000000000000000000000001111111
00000000000000000000000001111111
00000000000000000000000001111111
00000000000000000000000001111111
00000000000000000000000001111111
00000000000000000000000001111111
00000000000000000000000001111111
00000000000000000000000001111111
00000000000000000000000001111111
00000000000000000000000001111111
00000000000000000000000001111111
00000000000000000000000011111111
11111110000000000000000011111111
11111110000000000000000011111111
11111111000000000000000011111111
11111111000000000000000011111111
11111111000000000000000011111110
11111111100000000000000111111110
01111111110000000000001111111110
01111111111000000000011111111110
00111111111111111111111111111100
00111111111111111111111111111100
00011111111111111111111111111000
00000111111111111111111111100000
00000001111111111111111110000000
00000000011111111111111000000000
