11110000000000011100000000000111
11110000000000011100000000000111
01111000000000011100000000000111
01111000000000111110000000001111
01111000000000111110000000001111
01111000000000111110000000001111
01111000000000111110000000001111
01111000000000111110000000001110
00111000000000111110000000001110
00111100000000111110000000011110
00111100000001111110000000011110
00111100000001111111000000011110
00111100000001111111000000011110
00111100000001110111000000011100
00111100000001110111000000011100
00011100000001110111000000111100
00011110000001110111000000111100
00011110000011110111000000111100
00011110000011100111100000111100
00011110000011100111100000111000
00011110000011100111100000111000
00001110000011100111100000111000
00001110000011100011100001111000
00001111000011100011100001111000
00001111000111100011100001111000
00001111000111100011110001110000
00001111000111000011110001110000
00000111000111000011110001110000
00000111000111000011110011110000
00000111000111000001110011110000
00000111100111000001110011110000
00000111101111000001110011100000
00000111101111000001111011100000
00000111101110000001111011100000
00000011101110000001111011100000
00000011101110000001111111100000
00000011101110000000111111100000
00000011111110000000111111000000
00000011111110000000111111000000
00000011111110000000111111000000
00000001111100000000111111000000
00000001111100000000111111000000
00000001111100000000111111000000
00000001111100000000011110000000
00000001111100000000011110000000
00000001111100000000011110000000
00000000111100000000011110000000
00000000111100000000011110000000
