11111110000000000000000000111111
11111110000000000000000000111111
11111110000000000000000000111111
11111110000000000000000000111111
11111110000000000000000000111111
11111110000000000000000000111111
11111110000000000000000000111111
11111110000000000000000000111111
11111110000000000000000000111111
11111110000000000000000000111111
11111110000000000000000000111111
11111110000000000000000000111111
11111110000000000000000000111111
11111110000000000000000000111111
11111110000000000000000000111111
11111110000000000000000000111111
11111110000000000000000000111111
11111110000000000000000000111111
11111110000000000000000000111111
11111110000000000000000000111111
11111110000000000000000000111111
11111110000000000000000000111111
11111110000000000000000000111111
11111110000000000000000000111111
11111110000000000000000000111111
11111110000000000000000000111111
11111110000000000000000000111111
11111110000000000000000000111111
11111110000000000000000001111111
11111110000000000000000001111111
11111110000000000000000001111111
11111110000000000000000001111111
11111110000000000000000001111111
11111110000000000000000011111111
11111111000000000000000011111111
11111111000000000000000111111111
11111111100000000000001111111111
11111111100000000000011111111111
01111111111000000000111111111111
01111111111100000011111111111111
00111111111111111111111110111111
00111111111111111111111110111111
00011111111111111111111100111111
00001111111111111111111000111111
00000111111111111111110000111111
00000011111111111111100000111111
00000001111111111111000000111111
00000000001111111000000000000000
