00000000000000001111110000000000
11111100000011111111111111000000
11111100000111111111111111100000
11111100001111111111111111110000
11111100011111111111111111111000
11111100111111111111111111111100
11111101111111111111111111111110
11111111111111111111111111111110
11111111111111000000011111111110
11111111111100000000001111111110
11111111111000000000000111111110
11111111110000000000000011111110
11111111100000000000000001111111
11111111100000000000000001111111
11111111000000000000000001111111
11111111000000000000000001111111
11111111000000000000000000111111
11111110000000000000000000111111
11111110000000000000000000111111
11111110000000000000000000111111
11111110000000000000000000111111
11111110000000000000000000111111
11111110000000000000000000111111
11111110000000000000000000111111
11111110000000000000000000111111
11111110000000000000000000111111
11111110000000000000000000111111
11111110000000000000000000111111
11111110000000000000000000111111
11111110000000000000000000111111
11111110000000000000000000111111
11111110000000000000000000111111
11111110000000000000000000111111
11111110000000000000000000111111
11111110000000000000000000111111
11111110000000000000000000111111
11111110000000000000000000111111
11111110000000000000000000111111
11111110000000000000000000111111
11111110000000000000000000111111
11111110000000000000000000111111
11111110000000000000000000111111
11111110000000000000000000111111
11111110000000000000000000111111
11111110000000000000000000111111
11111110000000000000000000111111
11111110000000000000000000111111
11111110000000000000000000111111
