00000000000000000000011111110000
00000000000000000000011111110000
00000000000000000000111111110000
00000000000000000000111111110000
00000000000000000001111111110000
00000000000000000011111111110000
00000000000000000011111111110000
00000000000000000111111111110000
00000000000000001111111111110000
00000000000000001111111111110000
00000000000000011111111111110000
00000000000000011111111111110000
00000000000000111111111111110000
00000000000000111111111111110000
00000000000001111111111111110000
00000000000011111111111111110000
00000000000011111111111111110000
00000000000111111111111111110000
00000000001111111110111111110000
00000000001111111100111111110000
00000000111111111000111111110000
00000000111111111000111111110000
00000000111111110000111111110000
00000001111111100000111111110000
00000001111111100000111111110000
00000011111111000000111111110000
00000111111111000000111111110000
00000111111110000000111111110000
00001111111110000000111111110000
00001111111100000000111111110000
00011111111100000000111111110000
00011111111000000000111111110000
00111111111000000000111111110000
01111111110000000000111111110000
11111111111111111111111111111111
11111111111111111111111111111111
11111111111111111111111111111111
11111111111111111111111111111111
11111111111111111111111111111111
11111111111111111111111111111111
11111111111111111111111111111111
00000000000000000000011111110000
00000000000000000000011111110000
00000000000000000000011111110000
00000000000000000000011111110000
00000000000000000000011111110000
00000000000000000000011111110000
00000000000000000000011111110000
