00111111111111111111111111110000
00111111111111111111111111110000
00111111111111111111111111110000
00111111111111111111111111110000
00111111111111111111111111110000
00111111111111111111111111110000
00111111111111111111111111110000
00111111111111111111111111110000
00111111111000000000000000000000
00111111111000000000000000000000
00111111111000000000000000000000
00111111111000000000000000000000
00111111111000000000000000000000
00111111111000000000000000000000
00111111111000000000000000000000
00111111111000000000000000000000
00111111111000000000000000000000
00111111111011111111100000000000
00111111111111111111110000000000
00111111111111111111111110000000
00111111111111111111111111100000
00111111111111111111111111100000
00111111111111111111111111110000
00111111111111111111111111111100
00111111111000000001111111111100
00111111100000000000011111111110
00111111100000000000001111111110
00111110000000000000001111111111
00111100000000000000001111111111
00000000000000000000000111111111
00000000000000000000000011111111
00000000000000000000000011111111
00000000000000000000000011111111
00000000000000000000000011111111
11111100000000000000000011111111
11111100000000000000000011111111
11111111100000000000000011111111
11111111100000000000001111111111
11111111100000000000001111111111
11111111111000000000011111111111
00111111111100000001111111111110
00111111111100000001111111111100
00111111111110000011111111111100
00011111111111111111111111111100
00011111111111111111111111110000
00000111111111111111111111100000
00000011111111111111111110000000
00000000011111111111110000000000
